1331
680
829
1040
1789
729
875
62883
869
857
732
643
805
828
680
1115
886
896
1722
1011
673
598
954
1006
520
700
776
721
962
752
762
833
899
707
1678
672
801
792
878
1246
776
824
1116
964
678
661
795
875
970
967
833
920
793
788
848
952
956
906
747
875
865
808
717
967
1782
972
854
731
831
975
1326
739
976
708
46400
838
918
710
919
806
820
967
907
1032
815
684
1186
677
1014
828
840
912
849
2078
1557
1173
991
1118
757
793
715
842
873
814
1178
1170
684
912
782
664
678
993
1079
648
988
793
724
854
670
1128
1179
989
879
715
1557
824
1275
758
878
765
576
955
791
766
748
704
1018
753
908
801
1639
958
1180
914
1037
632
814
845
827
867
846
812
969
938
1813
843
824
949
885
710
806
932
804
542
745
961
687
1154
795
717
1051
830
1054
790
802
931
969
886
934
878
883
831
801
879
2176
878
706
731
903
1237
2051
934
851
833
852
805
792
772
792
878
1511
801
855
770
815
714
740
904
823
1065
797
869
944
598
685
955
1866
971
914
880
989
1213
882
985
731
670
704
903
934
764
969
795
2255
881
929
981
870
854
845
727
750
843
904
797
563
750
887
791
1531
1155
1113
759
1082
712
1130
923
1138
909
733
889
1136
752
837
755
1570
815
968
833
729
1177
969
603
600
1099
837
633
1149
858
920
756
1882
823
642
908
644
965
839
878
809
789
839
1060
854
864
908
995
2500
824
835
1125
1036
752
843
749
958
936
959
870
986
683
996
867
1613
774
947
909
767
854
849
1146
735
898
672
692
867
735
920
767
1777
792
861
1107
618
865
884
989
769
840
1170
777
1147
1026
1141
988
1867
861
683
1034
743
689
795
755
1145
891
659
947
712
1301
768
885
1674
707
1399
821
1377
717
1022
803
960
746
713
812
959
766
1033
864
1665
781
867
829
637
767
1127
1315
1037
1737
790
1210
712
875
811
1259
1819
792
828
850
666
546
921
707
986
998
666
835
701
719
1008
751
845
700
928
803
688
1487
736
1455
618
801
889
818
931
1294
1542
970
711
764
1160
814
822
880
1422
1056
728
769
1572
944
843
897
774
942
881
726
934
942
847
682
753
912
1028
993
821
2059
776
671
858
1750
670
1018
878
724
911
693
759
1204
714
865
924
872
818
645
951
796
794
861
791
877
1647
778
972
854
1196
659
869
946
1464
835
971
810
594
659
1195
769
887
666
945
850
786
1732
884
761
626
1012
847
802
961
676
841
915
1327
773
784
695
806
1941
747
875
833
980
1685
739
978
795
715
1038
935
861
468
987
1142
957
1029
1392
737
991
747
846
749
866
748
1558
875
781
1004
783
854
915
812
804
770
821
626
1026
712
1046
795
901
1372
828
900
748
1735
856
770
860
866
970
806
895
677
763
1025
941
1014
906
747
706
784
778
848
1020
905
1728
647
702
853
823
758
795
886
694
734
738
956
952
794
610
623
625
779
1184
639
935
1684
986
933
678
789
851
829
791
689
1119
833
594
1183
923
882
758
957
702
1094
877
892
2371
868
859
942
832
1051
1073
801
880
892
908
787
707
1187
722
1031
949
675
922
923
1187
1159
820
609
995
1105
831
751
766
673
914
935
541
638
729
788
2353
736
936
912
988
790
905
1253
1196
825
647
762
807
610
887
659
621
666
663
781
849
889
742
797
1819
781
900
753
588
687
1031
801
914
836
814
863
1665
726
1000
698
815
797
746
680
909
780
810
798
1000
810
1025
932
913
710
752
868
1037
885
786
807
737
770
816
961
973
948
1174
873
859
986
884
930
1480
778
956
835
920
754
995
901
796
657
770
1796
779
923
1042
754
929
875
1027
1181
1000
590
968
714
631
902
1061
854
744
1217
650
870
860
978
967
984
1952
674
672
884
1128
726
717
862
913
662
923
1051
1031
744
955
1020
1037
797
845
848
929
1207
693
760
608
1212
951
951
890
535
702
809
1000
607
955
1252
1522
791
1274
789
825
962
972
771
968
836
829
1060
763
875
781
837
737
1059
1030
923
900
1871
537
831
754
723
767
712
823
1135
982
978
726
745
975
952
2684
709
835
786
861
1504
855
802
1398
796
1240
923
670
738
852
576
803
795
85347
1090
801
653
730
781
898
819
952
1278
697
799
1167
659
1340
900
1106
1790
1451
836
810
859
955
734
966
855
708
965
886
1155
751
1153
764
799
859
955
885
1174
669
947
764
2009
1186
692
732
814
874
905
1814
919
919
697
1015
1821
890
647
52052
789
780
772
772
833
862
782
736
915
769
846
869
746
793
690
741
625
1014
717
651
810
867
701
961
660
851
800
655
934
650
992
1516
998
1032
1966
741
556
672
717
1003
990
802
1197
998
935
816
936
730
780
342377
902
962
1385
864
969
895
770
781
903
833
968
923
643
1489
656
651
1651
619
764
928
776
898
1215
743
1001
673
724
760
825
694
902
699
714
787
855
821
644
942
849
760
666
1022
1225
787
816
722
788
707
1364
929
897
1761
995
1897
678
1223
816
715
964
702
914
1864
721
1275
831
1000
1001
756
741
817
681
815
745
712
1120
795
778
818
843
639
1000
821
821
798
774
975
1678
978
626
745
1149
738
783
821
880
957
921
902
781
1127
761
662
853
945
808
845
854
838
892
1224
738
1142
963
866
796
862
883
736
993
862
711
1704
579
757
1147
733
851
818
683
1364
936
887
1069
1035
872
860
77596
868
837
968
829
795
776
750
838
910
862
1272
798
2563
1040
833
923
610
898
915
674
709
743
791
927
769
750
785
669
1163
1027
876
1031
784
712
779
661
832
986
969
730
2184
687
709
803
740
2342
927
885
920
1037
951
791
648
844
927
1047
762
744
872
895
1000
668
881
765
862
929
962
1011
1958
747
780
664
730
875
863
748
817
788
816
837
858
950
925
909
808
975
983
612
1024
863
1026
1816
1182
1012
916
90706
1677
916
657
743
711
809
848
1194
997
762
1072
951
702
715
859
826
673
762
833
813
924
851
1012
596
829
881
1068
930
1893
816
969
883
891
787
933
676
740
716
762
890
893
833
729
915
861
1377
680
758
811
940
791
756
868
806
748
808
1769
850
863
793
793
760
900
761
934
917
695
941
961
849
807
735
827
799
916
892
782
970
671
695
882
1037
802
802
1755
956
721
861
768
888
744
701
770
1012
780
2004
921
847
837
586
923
888
1038
727
882
1851
803
805
1181
1226
850
779
1648
862
1215
892
734
803
1684
816
867
789
659
775
831
676
850
1115
630
666
861
658
706
1057
646
846
790
758
974
959
894
742
659
777
888
850
1117
1396
679
1708
1129
865
758
1058
1242
688
1075
859
805
930
1100
762
1054
932
1555
925
1036
731
741
986
911
624
818
796
589
857
1041
766
706
613
944
867
854
686
701
802
1555
949
728
737
734
738
897
879
835
1689
597
1290
1321
849
792
967
708
941
912
923
873
1036
839
963
1035
885
908
848
1135
903
857
1209
897
878
889
901
805
1717
1272
1009
1095
769
665
814
893
750
887
908
1219
783
905
643
876
789
640
1069
817
717
949
987
903
960
737
1069
730
592
1013
916
776
794
731
831
797
709
1417
916
945
993
1020
912
2098
666
723
867
1244
690
811
1070
767
976
861
724
69927
1121
827
944
1090
872
613
940
809
859
646
801
860
863
768
1016
874
806
1162
2000
859
887
783
869
729
832
711
860
799
834
882
795
810
1005
1192
850
577
816
791
778
657
698
763
693
673
839
856
820
589
901
749
856
917
658
769
825
1540
1124
1829
1193
803
814
996
822
745
979
832
882
781
1130
710
625
682
735
831
866
845
896
746
853
969
884
875
765
852
714
915
1050
795
820
941
792
991
1441
1076
941
800
818
697
860
825
954
599
852
870
931
892
666
1085
962
586
873
931
764
861
1893
1424
775
1046
703
815
740
826
940
833
1094
737
1041
740
914
1522
922
835
826
737
801
793
723
990
978
810
937
862
751
1158
1163
830
970
698
789
808
1304
911
744
744
873
733
2110
1910
895
1137
942
756
829
720
983
1036
1785
808
739
945
677
955
799
778
892
892
1472
852
864
878
1928
947
944
837
828
1016
963
1025
706
802
1083
846
936
772
707
785
773
798
898
727
1038
884
908
1829
744
959
785
908
749
764
1228
847
776
595
680
728
971
1145
534
821
977
685
898
891
694
806
718
772
911
926
823
690
750
782
773
954
964
649
869
889
1465
2250
868
768
1866
775
760
833
819
881
875
767
952
993
1107
684
809
756
888
826
892
911
718
863
754
1886
901
779
728
962
825
822
907
756
1078
782
857
2110
1327
819
749
729
702
2154
938
916
678
968
929
1039
769
692
861
724
853
677
755
701
831
992
975
650
879
864
699
777
739
734
828
671
890
890
1068
768
1774
870
940
754
863
875
765
1018
952
804
722
914
987
978
1024
622
738
875
883
768
980
838
793
1096
917
622
824
594
1792
735
772
1349
889
893
888
1159
796
1691
1016
875
812
749
828
756
862
879
699
1131
825
801
753
748
809
1143
781
1011
1852
1208
750
764
551
690
993
1180
756
1081
795
1044
723
671
738
802
727
928
1048
742
953
729
966
747
734
869
800
834
2307
845
1360
848
1121
1000
727
839
911
1041
5549
1065
822
762
885
917
767
707
732
1228
920
803
822
1466
748
767
772
723
1623
950
863
723
1028
1125
687
783
823
1197
888
885
608
1068
790
906
966
767
1055
1123
517
899
882
943
482
860
679
706
1767
986
591
946
865
908
838
889
821
825
909
793
848
1838
582
956
1007
908
735
539
945
762
679
881
889
882
911
931
1958
1015
798
825
827
729
757
1471
879
793
961
702
875
639
976
917
1247
606
1099
1810
792
652
730
885
838
965
825
1061
1816
984
726
930
713
792
976
837
652
997
799
676
2149
839
710
911
1043
1005
801
802
1115
830
1286
769
817
857
945
889
1651
188026
952
675
821
815
841
785
896
689
819
898
946
810
872
907
802
974
1013
850
829
724
3401
850
750
717
794
1023
694
1009
786
833
866
781
1302
707
864
795
683
1883
650
750
950
892
1616
808
979
932
783
766
723
657
820
766
813
612
890
790
703
801
830
825
867
947
859
900
1762
721
1050
1017
1765
1009
809
967
945
864
610
929
880
955
933
986
1625
815
1979
865
784
619
1614
771
1007
811
943
695
784
898
713
818
886
815
911
720
803
685
884
855
785
930
737
815
1840
1253
834
661
798
903
1108
1034
1108
968
769
1095
894
759
137781
794
778
885
936
774
855
705
1476
678
893
1003
670
1735
674
855
968
820
713
700
1024
867
717
733
864
847
1235
735
703
750
2097
832
679
724
811
844
734
941
853
740
776
836
791
972
679
727
850
891
797
712
857
906
1550
1458
1000
1133
776
542
885
921
823
965
505
827
752
1272
835
856
777
906
880
1042
1901
744
1576
684
802
964
936
918
517
836
854
1297
687
871
892
975
1102
892
804
951
743
931
955
2029
2369
1035
641
780
753
838
982
1056
748
836
844
716
741
864
1108
695
1058
1557
752
895
670
873
954
898
949
1925
861
886
626
776
1145
788
913
717
1921
761
932
824
948
828
926
1040
1155
1183
693
802
854
927
1138
1038
1886
1772
848
803
892
883
811
741
937
709
833
925
847
999
710
892
1995
871
1972
712
1049
800
594
822
831
1013
739
878
827
760
965
653
664
863
1173
1809
791
1115
877
697
1093
775
1108
762
775
678
694
798
875
914
971
901
1759
652
966
61425
839
788
750
1177
983
517
673
720
1004
816
1038
601
767
1726
824
587
768
529
720
778
788
928
730
907
1202
708
914
826
752
727
1530
811
1170
1131
677
701
674
675
1162
1069
2024
869
777
857
1152
945
755
1443
997
1208
733
690
854
1121
726
792
1243
852
774
646
1125
1040
1030
873
1763
936
895
922
778
867
610
809
1194
908
746
788
1038
757
760
1117
661
1372
593
666
803
774
907
726
1087
726
1130
781
1015
1099
2165
1120
804
855
1534
795
790
820
791
889
838
956
831
656
841
760
865
996
636
830
933
1485
698
867
750
979
1016
727
726
645
809
779
704
861
659
871
757
829
717
846
652
745
885
924
795
865
727
756
908
795
813
660
756
913
894
871
663
807
816
1862
867
896
1047
723
620
819
590
752
709
849
980
889
866
951
828
836
904
773
1487
788
614
905
788
675
1547
758
1191
610
935
570
1025
1023
801
831
808
1196
680
1821
856
771
868
748
822
828
972
639
986
760
1201
630
812
850
1215
780
919
1064
1679
891
846
759
663
1144
752
913
897
824
848
844
841
972
1279
810
830
767
687
2070
1036
825
883
808
863
958
973
1044
845
1066
547
1134
723
1404
1229
871
1412
980
737
1276
976
1029
688
679
1194
1136
726
907
602
819
864
1100
646
911
614
918
920
1514
833
957
746
881
809
675
741
653
1875
958
945
893
739
904
892
849
1067
945
774
1235
875
936
753
817
700
885
811
1226
1083
778
831
993
805
861
738
792
1035
1517
815
750
932
762
944
874
766
743
1857
689
848
841
1160
843
762
849
1070
1823
893
776
834
994
815
809
675
1005
617
926
711
638
688
568
873
984
674
854
848
1634
890
824
920
1009
712
753
929
1445
836
748
771
823
758
1308
798
722
929
664
909
1185
780
1695
1020
545
1002
2344
763
757
799
767
702
915
837
922
607
961
901
1055
538
863
722
690
824
1004
863
693
628
967
759
938
950
1505
839
729
791
830
903
2114
632
1035
734
824
944
636
841
719
865
787
870
790
698
1042
1103
1072
857
966
882
2068
738
697
634
837
914
868
884
1066
834
694
855
1258
853
917
774
917
770
697
619
854
736
1083
808
798
579
1663
617
988
872
726
1047
906
843
971
754
720
695
723
876
602
882
957
680
740
889
1015
767
755
1004
669
521
1892
798
1003
1059
651
797
723
945
919
700
699
1032
834
701
705
829
652
773
930
747
943
948
739
924
866
914
1878
810
670
883
842
852
769
899
864
848
853
800
1379
799
803
864
1232
916
987
815
1268
838
836
1014
1851
810
2020
677
938
774
950
836
739
698
688
625
672
762
728
1029
829
963
975
543
802
683
916
745
986
1014
987
1449
1816
833
885
1081
1004
675
1052
815
878
660
808
821
816
800
669
777
962
890
905
981
1242
1003
702
856
851
978
2241
810
827
809
709
747
738
823
787
948
854
936
804
716
1298
983
939
801
764
808
1047
1440
869
884
611
1792
811
912
929
938
768
739
779
1316
1031
792
670
1026
733
838
877
816
704
992
903
662
700
847
724
1361
746
1737
1153
792
839
989
959
761
1072
913
868
645
855
773
851
813
1047
754
2025
933
669
1533
914
731
848
934
761
1709
811
691
950
787
944
807
783
1050
780
2239
865
1139
770
736
849
893
926
792
786
833
1222
1192
642
1221
920
1732
690
902
1134
679
842
747
719
957
881
865
780
1013
990
817
891
753
1937
680
779
1143
653
619
853
809
984
1485
828
820
691
879
965
844
687
730
838
853
766
841
970
844
891
771
825
723
1071
770
1284
825
710
865
850
1658
848
651
756
852
796
1026
687
857
1014
664
1107
1010
732
940
852
1098
754
724
820
660
841
713
778
1271
1454
769
805
922
1171
737
1118
851
658
692
925
860
913
866
864
846
899
742
585
817
958
841
742
879
872
1025
1576
707
801
931
704
633
1228
785
1244
709
2241
833
908
599
743
1893
849
971
933
761
964
761
839
744
755
1468
972
873
810
1123
623
1041
697
743
1051
740
809
977
597
998
843
740
723
797
846
778
799
864
875
1787
839
923
922
1214
776
886
789
785
872
863
704
962
751
913
892
1729
759
652
715
968
647
934
816
1533
1302
819
833
808
1062
683
933
867
746
672
843
784
733
530
884
660
914
991
834
904
872
894
857
1803
1086
925
1238
748
922
774
797
678
969
776
809
965
927
764
967
915
872
1156
697
672
1355
1329
607
2158
913
1324
965
1024
847
816
677
762
859
801
785
1133
609
1017
978
716
1070
854
719
747
1147
869
695
1762
747
756
1038
951
861
722
940
850
923
857
941
1110
1055
931
685
940
688
830
784
973
877
822
786
1469
982
816
814
699
894
1021
717
1241
757
1319
697
986
738
1549
828
670
856
809
898
648
953
841
712
2287
882
699
775
1258
701
691
829
815
668
735
908
1141
638
756
853
604
835
825
837
1287
784
922
747
1916
791
797
981
663
981
825
982
798
616
644
875
801
762
763
711
745
771
980
767
952
825
844
821
1934
790
765
884
813
817
951
897
944
917
902
764
887
824
804
834
712
851
1196
835
583
925
839
1005
1042
895
967
1533
1020
748
1046
733
939
671
722
731
772
933
622
1088
747
1009
978
717
710
812
1180
841
878
763
764
949
647
697
1491
831
927
862
942
663
1801
882
950
703
764
907
977
983
903
987
717
996
1476
696
786
782
642
984
875
828
1002
1537
693
554
844
811
878
1344
704
669
799
805
728
891
981
813
696
724
849
907
678
847
929
842
885
1294
882
808
2061
1021
950
925
843
723
862
663
871
456
1014
937
853
548
747
800
842
777
715
703
647
684
979
528
616
897
842
1500
1042
803
671
756
993
670
841
1139
657
768
839
1014
1046
893
804
793
1013
1230
809
1111
977
865
1053
706
1017
996
1895
906
918
889
983
946
859
752
738
968
706
1857
628
847
1007
941
747
1036
877
786
973
876
692
762
948
1007
1122
1443
998
848
586
848
748
887
758
939
766
1675
743
845
963
746
733
820
817
851
946
864
755
814
772
723
878
748
1700
937
818
736
1039
869
808
704
810
899
822
845
780
660
766
752
829
774
658
1136
711
721
620
653
868
910
797
1676
615
819
1387
2015
784
821
1154
761
764
672
829
884
1020
841
628
838
722
819
1089
655
799
855
580
933
741
1496
660
807
678
851
1105
1041
1004
1064
747
46286
2055
1010
1256
714
805
929
844
762
1066
715
1021
637
820
607
1104
1822
887
966
722
1013
798
833
696
813
798
828
748
1023
964
867
657
878
695
749
763
804
718
1068
905
762
70609
2448
738
827
699
809
817
659
870
861
747
898
818
898
711
690
891
638
848
785
936
729
766
729
720
893
774
1533
748
850
944
797
799
922
986
1101
623
865
695
1128
820
1081
927
1108
717
710
1060
780
873
941
951
794
958
2313
897
673
635
683
786
816
1000
1041
611
958
642
828
725
792
796
719
918
758
685
1069
1042
768
826
853
695
1875
902
770
771
861
1013
742
874
1031
825
955
914
788
819
775
803
900
803
682
765
910
752
884
720
926
709
1924
981
782
728
725
573
838
886
1028
804
805
974
1025
1021
996
1025
769
1195
792
1213
862
663
863
993
1027
1169
1873
708
652
1106
836
767
913
1273
794
728
623
865
1263
794
776
798
1052
849
854
848
1294
651
660
836
788
642
1046
1060
1000
771
1117
756
698
975
1535
960
840
620
861
1266
1875
836
991
866
889
912
692
749
751
786
1251
681
960
613
844
611
798
1145
1011
1704
902
977
988
785
1034
923
699
900
1768
835
811
865
943
846
753
1063
798
1917
755
825
777
837
811
1111
872
873
728
771
881
1016
793
1004
738
851
889
797
892
693
849
682
840
690
2884
736
661
861
870
1027
786
881
800
892
980
846
798
1081
954
776
767
996
1814
859
694
662
1105
728
862
760
699
608
834
1087
810
1070
657
777
1492
929
784
802
936
967
868
808
910
1149
819
844
838
918
761
929
658
825
775
1060
736
741
921
740
1161
813
1150
859
994
1111
884
752
892
1013
1481
832
912
863
676
679
1161
699
842
712
637
884
992
960
827
944
839
837
1000
723
732
889
1093
696
740
1125
1081
862
1007
774
945
720
2056
768
1763
826
892
880
802
1005
654
1033
776
687
893
1257
1441
612
749
822
751
890
972
664
836
960
779
776
768
1180
747
734
865
810
776
590
755
952
1416
883
861
735
756
1007
1050
920
671
805
804
900
1257
939
1513
730
810
937
929
701
903
797
915
798
758
888
666
1005
840
906
905
1328
1468
1071
943
834
788
652
863
995
1070
689
713
820
702
704
717
1305
675
1053
698
1759
878
985
1151
861
620
921
1118
676
75136
1028
723
1463
3781
857
949
1078
760
979
727
736
1102
705
900
710
775
681
1079
800
800
855
651
1233
743
738
873
568
920
787
968
882
1351
984
894
1017
1651
613
865
777
942
758
896
1267
1056
860
895
881
653
910
1030
920
894
1171
96331
850
800
700
1088
944
960
649
881
1048
31017
887
996
825
1783
720
743
789
854
729
656
625
643
1351
782
816
834
683
704
927
847
1079
1259
769
580
827
752
979
638
783
866
591
879
856
882
895
1489
854
957
804
944
856
744
1241
773
754
831
1601
794
897
721
785
1812
666
1063
818
649
588
830
805
589
1239
768
720
799
760
984
945
1726
893
897
1115
1187
629
751
730
824
768
757
738
1283
1141
693
744
712
737
723
852
804
802
910
687
1218
713
902
750
802
693
558
725
1759
1028
831
614
723
616
716
704
695
1158
820
734
827
698
795
833
1535
753
987
728
982
810
768
1118
1342
890
868
899
659
701
2118
812
1764
766
747
740
1005
713
950
543
961
867
848
915
983
720
669
1028
2070
742
914
643
645
871
561
1194
1199
1085
1296
927
521
761
989
702
1681
949
1005
930
816
821
1005
1004
969
804
946
1033
983
791
772
2402
1662
1908
848
847
905
772
1175
820
802
635
839
941
895
783
855
667
1741
720
751
922
880
806
776
981
627
1092
706
686
970
960
784
926
1774
781
749
737
773
830
784
871
688
547
1095
933
849
700
1241
981
1544
723
992
606
1150
901
611
543
757
1741
843
940
789
690
793
1357
1763
838
721
789
936
819
819
962
630
620
698
900
693
1133
949
772
1754
1023
878
784
742
872
1051
898
716
1044
1134
861
945
704
956
1107
1986
819
520
853
1148
950
887
1453
504
732
972
1013
888
927
944
992
1682
715
852
820
985
1013
891
1018
999
1003
608
1277
1051
830
786
1037
2084
642
779
682
826
790
931
810
902
872
1015
1718
712
881
858
780
1820
765
861
769
979
649
744
980
817
955
1120
1220
1017
1033
750
797
873
738
890
808
923
1237
928
887
1064
901
661
976
1650
718
739
853
889
994
812
795
768
936
720
854
1030
820
871
860
849
877
728
629
813
839
886
900
795
1002
684
874
1718
811
788
677
1020
844
923
1037
761
1496
807
789
902
682
903
976
745
947
579
756
878
740
806
789
861
764
863
639
1834
753
1115
1004
730
997
765
851
875
667
680
879
1043
1296
695
780
866
784
701
700
1054
923
796
911
921
1000
640
744
1465
1096
875
612
795
821
841
791
914
741
1196
748
785
1020
764
808
519
1152
611
972
614
809
712
690
1340
846
897
782
2403
939
1068
739
773
1825
818
1088
1925
952
774
805
1155
705
1231
756
773
772
901
816
720
750
703
822
860
1973
754
856
1496
766
768
785
905
917
849
1160
889
958
833
917
1067
1490
791
917
896
892
643
888
543
907
859
835
1250
777
744
955
1917
697
853
666
699
599
944
826
926
1068
703
861
682
1009
709
698
806
814
1527
793
864
1671
1172
735
816
891
814
687
1638
990
869
943
739
942
775
787
885
743
850
823
1065
565
1066
606
776
831
932
913
898
794
965
703
803
754
1126
866
1465
907
1224
780
924
694
832
885
694
720
672
1765
608
802
774
765
859
744
818
1796
769
704
821
860
721
667
821
829
943
1003
881
925
885
779
671
927
636
729
1829
693
692
966
770
743
796
795
563
764
664
788
886
1055
728
738
838
757
805
1754
585
728
1110
573
856
1072
743
830
775
954
1054
803
873
882
856
1009
1098
1103
2366
886
920
922
838
897
1033
796
824
919
926
944
858
731
570
1096
823
748
908
2167
683
1719
948
1201
938
847
947
981
987
823
930
740
678
910
851
899
770
1191
1656
760
894
835
822
1255
1060
750
1075
828
1149
693
917
1202
813
778
747
708
866
1741
757
991
994
863
810
703
686
922
701
1164
926
858
897
737
830
970
928
665
1923
814
995
827
1341
511
967
858
792
917
889
651
732
690
1331
910
1070
1294
739
1529
734
609
750
1037
776
700
1014
1337
802
804
574
930
809
935
673
822
590
947
1682
805
1152
865
703
736
1416
776
1152
586
852
780
990
857
839
1796
1083
853
812
1935
843
739
948
808
817
805
943
1011
938
1007
919
944
849
789
676
747
797
895
845
1062
1059
668
958
985
991
748
877
767
800
786
946
867
829
1237
1407
1680
842
1796
972
888
885
782
725
780
654
767
892
885
730
1862
618
759
843
1115
850
973
888
839
819
887
927
742
1340
896
861
910
704
800
836
736
737
2332
694
867
904
707
907
765
970
890
686
923
720
1093
888
776
947
758
1168
716
768
1770
739
774
693
872
1131
874
768
923
1037
878
999
713
690
969
950
1790
545
757
1260
816
852
798
721
1739
1085
943
911
977
842
767
883
1033
614
722
959
575
721
891
714
756
1199
822
844
583
1009
773
583
796
685
807
1785
902
886
737
722
897
793
851
502
990
776
782
1928
755
924
673
898
788
891
963
695
847
733
1096
1044
1233
815
903
869
833
1185
808
756
947
1104
903
1859
761
1232
832
897
1015
998
790
710
760
1044
813
1064
742
665
832
1009
896
821
983
672
967
736
760
931
787
746
1039
941
737
662
834
1007
721
853
769
1704
805
790
714
964
987
986
787
741
855
807
901
778
742
749
1037
769
730
1019
948
646
762
909
854
937
958
849
760
816
1003
849
838
903
767
742
802
1592
931
713
962
1034
906
664
790
1846
844
765
819
679
1138
883
713
724
729
929
1114
1036
678
801
642
805
1150
1442
808
2204
701
730
795
704
767
805
802
1778
852
847
1261
859
610
1299
788
593
892
921
909
944
805
785
962
750
773
840
819
868
670
950
728
771
804
588
689
785
738
976
792
1076
771
714
721
1620
811
856
671
827
717
777
1011
801
1833
755
1031
858
856
1892
712
702
795
735
987
846
743
961
888
735
736
765
991
701
837
779
933
1126
908
724
636
3129
829
965
1257
811
929
797
917
644
1006
613
817
770
914
847
694
803
591
733
940
1032
834
701
701
800
1015
874
777
941
941
585
1005
919
796
64042
858
2625
663
833
993
942
912
848
768
856
726
786
847
842
772
817
1746
803
754
872
1007
781
828
801
828
716
786
790
806
914
716
844
895
1036
1111
1022
759
2065
759
837
1332
817
938
722
686
967
932
929
719
913
834
821
795
956
814
909
879
606
779
960
834
1249
913
856
1070
821
974
934
763
1065
750
1031
812
1726
727
965
938
822
973
920
1001
671
1009
756
886
732
931
810
1023
834
963
949
904
906
743
744
627
717
667
781
688
855
776
695
1853
1056
773
646
623
881
730
769
813
813
797
944
1177
822
924
742
975
771
899
689
667
791
994
691
717
778
802
924
752
696
942
1667
917
732
922
725
807
777
730
853
866
830
738
702
732
1436
946
1150
864
923
840
716
1269
916
944
769
833
793
2279
779
695
697
1483
731
915
794
822
909
771
709
911
792
791
791
806
838
750
797
920
780
683
954
863
666
728
695
706
755
886
861
679
1084
1092
1846
706
824
691
683
1017
1125
872
828
892
864
881
764
917
851
685
793
1051
871
885
1103
721
759
631
854
768
802
868
651
817
917
1991
1174
755
847
773
917
604
837
653
746
711
769
782
975
724
2412
807
967
896
867
661
1053
1007
855
866
679
990
759
915
679
801
2808
699
820
585
825
1117
687
671
592
892
948
734
892
820
752
705
859
817
810
920
783
809
820
846
988
679
905
1213
856
877
731
1765
789
702
783
933
785
719
733
867
892
861
854
617
940
571
702
972
785
845
973
717
686
713
915
659
995
723
958
819
909
961
1735
807
747
655
863
971
899
838
810
715
902
878
1199
750
1000
1311
846
698
940
662
883
881
2324
876
867
994
898
934
939
706
1009
717
637
696
718
689
863
887
960
1351
953
974
744
881
1801
589
667
967
661
720
733
629
769
760
764
693
904
722
789
661
667
839
840
987
842
733
1444
1060
928
648
969
800
929
1194
804
1026
883
900
869
678
1137
956
848
880
815
793
1217
794
1768
824
710
740
1046
753
832
868
587
788
967
729
806
778
587
815
600
917
637
900
799
711
1640
1141
1035
921
890
917
658
949
803
1071
760
882
652
761
897
637
744
1270
909
643
835
636
2412
733
707
862
710
1043
934
637
929
858
884
1208
807
983
897
777
966
947
1774
780
666
944
1608
835
879
799
851
791
622
836
792
890
771
756
898
746
754
837
1162
907
779
1007
768
699
1528
952
764
867
813
760
803
825
903
798
746
641
952
793
875
875
785
991
916
903
839
769
1816
810
861
828
778
802
682
897
735
978
781
772
891
779
673
820
725
924
773
1047
711
657
914
764
785
1522
904
856
880
745
705
730
735
865
929
853
771
754
1008
938
1080
868
734
843
750
779
744
673
723
672
2250
731
959
1018
708
792
872
1062
875
750
903
972
1128
734
744
833
806
1399
769
975
1037
692
851
721
730
1730
994
847
757
901
1007
955
789
781
633
758
823
717
950
836
954
760
1001
918
692
713
803
991
1063
852
2109
879
1009
621
933
757
777
542
854
725
709
703
709
1012
751
1056
1001
836
1024
950
1063
785
893
900
803
1634
852
803
698
794
513
688
801
942
848
1083
789
858
974
958
959
831
690
875
812
867
1003
823
832
816
1745
1458
801
645
730
740
801
678
1108
784
878
753
927
667
826
970
852
843
872
989
981
980
686
754
795
1683
830
846
878
774
672
830
949
1183
1139
1021
962
767
773
835
1109
640
650
670
881
748
762
904
880
1051
1649
666
731
956
910
691
1178
796
844
929
835
800
931
816
772
809
825
886
921
814
861
1054
1340
781
1081
1649
890
800
853
733
690
1034
664
858
1055
844
913
895
841
687
1171
888
794
747
913
688
853
915
998
795
905
707
767
741
838
42964
1902
861
794
891
687
756
983
915
1791
1035
701
795
819
953
774
910
708
842
655
1038
747
65275
944
708
720
766
924
706
896
714
702
739
1652
830
911
1088
932
777
711
747
1221
826
792
918
836
683
936
925
865
832
700
894
791
1035
713
1315
981
704
811
875
714
679
865
959
2480
613
823
747
721
683
809
659
643
741
933
916
1375
799
654
981
585
871
1202
970
813
873
1028
1006
835
753
839
891
968
748
928
1879
1063
904
880
897
837
822
639
720
961
1049
879
578
677
774
768
751
811
1792
1040
899
610
920
712
642
718
784
920
685
954
800
1792
775
710
1192
1120
920
919
1071
734
757
1070
982
1089
994
721
1084
990
734
722
684
942
605
728
887
918
1014
806
855
935
754
892
1090
1949
809
688
972
777
855
909
732
1218
660
826
899
911
1150
1075
998
961
921
989
719
723
788
915
983
991
984
987
949
875
861
832
795
1754
991
946
704
606
744
830
2180
674
917
753
689
767
1014
625
914
45652
962
999
621
827
889
764
999
1009
1016
800
880
713
823
881
634
1091
697
825
2351
880
1156
950
1052
817
750
1007
812
836
907
659
747
748
782
953
721
823
995
1174
1038
875
806
708
760
819
709
656
800
1026
1038
830
831
736
719
1680
514
820
781
779
1030
1107
676
709
833
897
673
769
620
1968
882
714
1754
841
828
717
775
714
1695
833
1028
774
916
870
990
871
1023
878
907
770
1500
873
801
1060
773
741
863
1088
1137
773
711
682
1348
738
892
815
944
848
789
943
710
803
854
865
682
764
1048
884
994
698
1110
796
1165
708
806
2105
1204
916
907
735
801
941
658
970
759
942
978
902
1299
803
923
835
1002
905
881
819
1025
870
975
902
923
680
789
857
1165
819
821
1113
948
751
1557
1044
902
711
851
1101
847
688
864
1261
835
818
914
835
958
623
761
831
1004
553
811
815
742
668
1053
792
912
645
1021
777
999
852
791
1072
951
1658
110266
851
881
826
785
721
992
740
1216
896
706
756
868
884
1093
833
634
657
700
618
619
854
1056
782
803
828
896
794
679
787
822
744
850
852
1634
774
744
819
783
844
640
881
1111
744
821
670
916
679
924
807
726
790
718
637
688
1177
750
1217
922
1073
852
916
1640
917
1165
998
762
585
925
1071
938
1212
828
764
879
702
876
760
1063
779
865
1068
915
1093
882
942
1015
615
944
649
1949
939
836
761
859
1096
1317
889
832
879
874
819
814
875
859
749
808
733
936
1757
806
771
962
808
960
875
919
546
1856
799
758
846
506
609
921
748
836
573
807
964
609
19339
689
882
698
691
856
938
717
883
796
658
803
777
822
804
2311
739
860
952
475
668
728
789
860
662
817
805
735
690
754
841
957
960
931
805
1583
817
802
758
792
818
898
779
1415
631
1143
944
756
1074
1069
806
772
991
940
1601
964
1064
834
1193
1305
1693
581
709
872
799
698
830
667
1052
951
2038
1709
606
714
784
750
944
755
802
865
870
756
862
911
830
837
989
795
839
646
819
932
731
757
685
825
979
920
648
1718
1179
902
1991
807
814
1007
966
694
830
977
901
802
758
1038
822
986
801
1006
850
910
847
1149
962
890
1080
951
734
1482
788
782
687
761
1014
1143
1038
643
899
840
849
883
927
752
935
1096
947
728
736
898
702
1006
891
1076
658
857
829
1684
695
737
672
850
765
959
759
922
526
886
880
977
732
817
843
681
822
761
864
1963
694
677
1904
934
1022
669
906
937
1194
925
963
856
625
1237
891
779
1218
939
912
1347
987
762
794
846
814
922
708
775
909
946
876
869
820
834
690
849
870
725
857
1754
844
932
965
928
889
810
1164
1137
1033
794
751
750
578
707
1080
763
1075
609
679
1932
737
854
854
762
748
555
921
706
917
836
761
1011
1021
1250
849
628
938
915
816
1801
1179
798
696
830
739
761
909
966
832
876
1085
878
1078
968
625
860
816
861
863
1531
748
849
846
904
890
881
750
813
822
825
810
924
748
688
790
1058
806
795
782
1682
750
914
1218
840
892
801
929
884
703
704
927
881
807
783
740
800
888
914
787
2989
515
682
796
2072
912
879
910
925
751
935
777
797
786
712
1107
701
669
957
767
1616
630
732
821
1015
671
800
867
998
1069
852
621
924
861
1271
868
902
778
910
1254
1945
943
685
759
851
910
616
970
711
678
955
782
715
930
869
715
735
808
842
931
1574
900
851
829
814
902
811
749
1255
631
649
889
968
701
762
707
854
841
897
1862
744
674
644
705
789
770
786
787
721
953
870
1004
766
785
920
1006
573
845
1669
869
874
938
930
925
1104
1012
700
694
990
920
1169
786
814
953
835
852
716
1792
720
729
1086
790
843
914
737
884
921
781
561
1030
938
907
759
805
1089
728
1520
932
948
776
788
865
1850
1093
663
1185
949
708
645
1024
835
898
1701
683
653
1886
770
732
1101
938
694
701
960
984
935
736
922
687
997
899
1097
669
704
1183
1713
882
927
1254
805
656
820
949
790
880
942
1127
610
829
908
1549
690
741
709
2557
915
1305
672
619
762
867
731
732
1263
620
774
953
814
642
1084
746
725
935
1511
854
781
668
764
746
797
700
934
697
894
703
856
1019
940
884
922
1027
903
2071
969
801
828
22095
972
900
1255
751
915
893
887
895
1017
962
761
746
713
648
1742
938
714
766
638
952
926
819
943
980
1123
854
965
1106
613
991
761
1021
790
2237
594
1105
619
815
707
1036
714
592
863
819
43425
790
988
745
811
694
887
727
750
976
1826
2055
847
841
701
701
790
865
993
708
878
585
966
799
1019
944
773
629
1078
1038
874
1764
997
765
769
998
1629
1756
825
871
805
981
1272
788
763
790
856
685
887
891
758
781
1671
859
537
813
890
791
989
650
1669
833
664
590
822
1099
1000
1126
883
760
1217
857
797
1634
796
967
989
632
1049
896
746
808
741
969
853
647
695
671
946
762
606
820
937
903
1963
839
867
979
1089
716
822
997
704
900
1742
717
866
755
837
941
672
845
692
982
868
1847
963
801
965
934
921
779
796
901
789
779
853
856
963
1394
923
740
556
958
720
648
1717
788
924
753
915
683
731
584
717
733
964
808
952
805
722
1831
1006
959
989
827
761
1445
991
945
796
768
954
1060
784
1011
918
501
861
760
721
781
861
1109
709
738
1232
909
1546
947
863
949
762
843
897
1109
950
926
808
905
966
679
816
589
1298
710
1109
830
679
1557
1061
685
1016
780
645
799
846
741
872
1211
883
839
1056
917
837
917
893
677
1000
726
1917
1361
594
950
976
885
823
948
796
668
771
942
921
762
823
2046
846
795
943
990
848
946
887
736
1010
942
749
911
1805
802
759
816
857
962
723
821
914
867
829
2049
968
1921
832
718
875
929
846
830
1081
821
913
915
973
798
1127
707
1820
869
969
966
853
928
1051
831
824
811
794
805
900
692
956
660
950
680
633
995
659
778
815
725
1043
1746
730
717
1875
556
964
767
819
683
803
789
728
771
662
883
866
696
854
845
805
847
964
1046
641
1000
945
904
829
1088
854
919
1794
680
902
777
784
802
578
751
889
777
867
1018
875
904
723
791
1011
926
735
783
821
828
619
879
1003
708
1748
924
1495
962
848
650
852
782
774
1125
798
884
1424
814
857
696
1217
838
868
724
1020
789
939
910
1262
941
1233
755
784
740
1445
1263
1046
645
602
862
920
950
690
769
1382
771
797
760
684
1027
1104
846
843
679
743
830
837
971
1058
856
1138
929
1522
983
1040
917
830
643
1019
684
729
625
796
865
934
778
798
998
1056
651
916
700
817
976
723
1065
1223
726
677
717
1592
1007
850
1000
933
1263
833
936
1084
856
888
762
819
892
782
1127
863
899
983
805
1027
874
809
806
1028
664
1143
1115
679
1728
903
534
796
1673
698
1007
1811
530
692
769
671
1193
839
729
856
890
735
877
769
823
815
984
71453
722
913
708
971
992
923
680
776
1277
936
1455
1247
982
690
969
924
828
710
825
1750
944
769
644
891
714
822
712
932
648
872
875
811
720
1145
871
1005
568
1138
955
837
820
810
888
764
791
1022
833
1206
842
936
744
884
989
697
791
1674
897
999
852
906
856
779
870
761
623
702
845
937
655
880
948
761
1113
723
781
703
877
984
865
932
1285
909
848
857
953
888
654
811
943
864
816
1974
738
794
921
771
730
736
721
838
813
787
809
816
664
832
557
829
846
833
840
969
718
703
874
1070
789
830
867
773
949
680
666
739
667
720
1018
1594
647
770
737
1003
952
773
626
784
831
844
760
1213
749
938
973
933
914
824
845
840
911
958
605
733
794
738
637
1017
802
620
750
932
883
703
806
1330
1024
827
915
872
923
685
773
751
822
1796
1341
766
956
1311
776
826
710
903
803
806
898
992
701
996
864
684
856
789
822
1895
1094
980
921
1279
818
1603
819
841
995
891
631
621
904
931
940
1117
920
730
1015
610
633
875
889
967
1136
2206
895
517
935
1179
826
809
859
759
842
995
811
962
699
717
876
790
944
1230
714
1577
799
701
1163
569
892
710
628
681
728
917
896
808
786
922
803
764
853
984
953
1599
848
875
841
801
946
601
822
599
697
872
836
1001
726
789
716
817
929
641
733
1421
582
832
1255
958
746
919
922
1013
896
750
777
853
68192
823
1002
726
823
895
828
1513
944
694
769
830
1888
679
1041
720
795
765
847
965
830
1715
800
994
2171
1211
737
1623
779
825
688
1087
785
721
1309
797
698
950
707
896
705
650
1197
650
828
820
828
1616
726
911
734
1030
1003
837
815
802
810
903
935
1014
802
818
824
1018
907
966
1041
1445
1048
874
962
835
833
987
854
878
685
836
886
694
583
868
753
883
738
658
958
1977
973
784
956
814
1037
980
974
821
889
751
908
824
738
644
746
1289
965
987
667
1476
1794
740
671
790
1104
785
852
1152
847
948
737
1011
584
779
643
758
745
803
798
1535
1055
850
1094
866
880
909
660
807
985
655
926
723
896
1120
685
851
843
637
964
859
882
1434
1042
1784
775
762
635
848
797
970
865
890
552
883
642
796
713
897
1034
889
687
772
914
645
695
1201
1058
2759
813
1225
667
719
810
1080
607
698
725
969
903
926
1000
1145
754
705
827
753
850
957
817
747
911
1691
897
788
771
799
932
898
718
767
706
792
610
899
1035
904
930
780
735
734
1044
778
812
1002
758
1971
714
829
789
900
615
793
896
681
1884
976
866
784
756
728
749
890
820
995
932
1141
824
1198
576
1505
761
775
773
741
1263
798
859
778
758
1735
943
687
815
725
770
790
692
779
808
2072
805
926
984
2724
982
811
712
749
728
803
699
1016
822
979
1284
776
970
1037
674
839
1195
783
837
801
1057
859
1027
1671
824
821
964
743
919
745
1140
712
620
941
751
888
1083
635
922
723
709
948
1285
967
870
683
849
1522
927
660
768
832
1150
847
1077
1078
903
873
1164
849
1471
1002
964
893
683
832
1014
698
763
959
1042
1803
689
857
718
909
675
713
930
853
829
739
798
744
859
775
694
869
761
797
870
770
889
940
877
764
791
748
734
890
814
1004
690
1671
958
1098
1350
900
807
852
714
902
900
719
1066
969
924
668
774
677
808
853
662
593
934
796
764
717
643
1004
859
1378
656
886
935
2008
792
785
840
817
763
594
851
847
817
676
955
1177
950
804
725
767
968
802
873
870
735
779
823
598
779
1029
862
867
886
645
858
1754
967
821
775
845
878
882
971
986
669
884
792
918
703
590
1205
724
665
594
720
738
823
817
796
1213
1006
762
963
1007
781
828
686
1710
709
973
701
906
1024
882
814
827
518
671
996
1314
1083
896
675
697
665
782
1032
833
1072
865
927
891
831
782
813
689
869
728
870
1709
967
855
1144
1026
672
1142
969
904
676
866
767
720
974
1352
757
1029
774
926
1009
1026
703
880
1184
797
1024
929
792
771
1034
828
832
1788
1031
773
907
1251
925
990
924
819
729
945
912
1016
887
641
814
666
1120
770
950
801
824
1065
1120
1054
788
915
1034
741
977
754
600
1771
629
811
777
886
841
712
1109
754
1068
715
1053
919
909
706
695
873
761
805
663
990
962
789
842
1365
744
1065
651
987
895
1000
916
2057
888
1072
1016
647
700
784
917
881
1112
727
990
792
750
802
598
716
968
866
1719
809
965
718
768
889
642
1831
625
1034
795
623
927
965
981
957
798
849
886
1784
845
875
641
827
645
709
767
1076
700
774
637
962
837
1310
970
1140
1188
713
1515
748
657
669
753
874
694
837
992
934
1043
862
741
834
911
997
692
1023
899
1820
681
892
703
1276
985
1116
736
890
629
847
734
617
1608
878
912
854
721
1081
1844
1098
944
1211
1078
885
977
1078
808
1063
1056
908
827
628
1039
812
828
799
1222
1597
1006
933
776
722
842
911
790
936
618
643
1154
1025
1062
780
1161
635
724
725
2257
792
830
803
855
737
1054
1344
1032
885
711
955
733
852
1003
779
773
1090
810
1482
739
742
1062
663
877
985
966
829
965
861
896
660
750
812
832
923
835
776
1770
914
1075
848
1125
1147
838
778
926
809
566
688
959
827
727
858
750
706
917
2340
1060
1114
1220
862
629
955
1042
1097
805
772
936
1202
880
1025
799
920
980
804
1792
885
995
873
589
1082
897
616
858
798
719
796
807
785
858
829
851
759
702
939
1005
1054
1087
784
2004
721
1754
756
920
1732
1107
844
850
946
711
1047
719
935
838
913
1213
695
1034
1014
1055
768
630
770
810
984
859
1028
796
640
478
659
745
976
822
1544
640
790
901
689
842
861
977
935
910
951
987
946
804
743
788
871
930
1153
1172
948
851
595
95187
1961
659
607
730
820
744
1784
949
724
1076
815
1064
776
760
743
692
617
782
823
803
951
924
697
868
962
597
1069
908
696
852
945
920
952
691
628
1007
3090
999
738
865
889
994
824
736
664
652
567
937
1259
824
772
817
1479
1200
919
629
821
796
883
984
1143
765
909
962
644
663
1871
772
1350
867
1192
905
869
625
728
909
669
878
621
838
643
621
763
705
685
917
994
909
1082
795
877
810
869
848
1242
695
1941
903
725
849
713
883
1056
805
835
692
898
844
803
957
869
1024
1018
1038
765
1072
928
790
766
1000
775
833
873
871
1073
762
2246
1086
968
823
756
878
961
720
787
703
767
874
962
539
871
659
973
1144
956
847
889
684
914
635
714
1046
795
811
975
761
2283
784
766
1059
778
821
820
824
933
775
854
1334
842
958
709
828
790
754
996
1047
879
711
750
818
884
750
806
1686
1296
1025
824
695
1746
866
895
940
1093
703
981
817
916
1030
1010
834
687
745
913
894
753
871
1112
739
790
899
1880
953
972
1080
923
754
951
830
914
1005
1073
968
954
1015
938
796
942
812
1356
636
954
807
924
879
1102
801
1041
1612
673
658
878
805
894
879
998
766
809
734
929
762
861
897
909
872
785
781
785
650
708
789
865
898
692
611
1763
810
908
1001
920
662
818
898
937
803
853
683
1332
869
915
768
854
682
694
1228
785
985
894
770
896
1108
774
1993
671
726
1424
1715
719
740
900
943
1307
894
682
774
855
693
810
807
876
838
945
888
792
692
781
794
949
741
1709
608
711
901
801
898
806
607
1276
674
977
925
906
967
909
1651
826
965
845
1253
720
1042
858
820
675
855
871
1922
680
975
858
707
933
834
671
1102
537
682
831
1242
802
731
1024
898
871
833
1130
1013
801
911
959
1003
784
908
1664
877
791
703
1066
817
1003
813
878
722
654
834
804
955
775
1095
918
812
834
735
850
936
730
1116
708
899
1171
970
605
706
903
778
817
803
824
894
1783
679
974
878
1934
846
872
1027
929
822
738
720
954
883
859
780
982
822
568
887
950
959
626
748
963
849
743
852
826
908
977
902
999
1074
877
900
1995
841
788
1275
697
1124
861
694
743
1231
941
711
712
883
828
874
738
885
722
878
1164
774
808
941
970
654
843
695
1003
1103
796
743
2437
854
975
1002
1498
1248
908
691
976
1081
958
1198
851
941
809
938
760
708
975
855
725
919
592
967
978
823
851
813
805
638
838
748
699
763
813
800
719
779
570
768
1783
842
817
844
1202
862
1187
671
938
840
1034
724
699
581
735
1063
762
967
794
827
1107
698
826
1829
953
1126
790
623
726
1303
784
873
647
733
772
810
1735
934
1716
699
860
816
561
696
694
761
717
791
902
705
893
977
649
677
1105
882
749
1970
970
753
792
874
884
862
855
1117
997
929
847
1214
933
972
1875
677
748
881
799
904
821
821
721
787
816
782
903
1352
963
1028
796
803
885
900
861
1110
961
947
688
825
598
877
923
788
743
858
646
518
833
808
1794
859
794
743
822
720
912
857
743
834
907
906
692
684
896
845
626
911
832
885
816
1666
985
969
1278
694
1035
813
843
790
822
1421
996
784
1210
838
852
788
931
840
999
767
1684
851
717
907
1818
795
800
785
617
765
796
537
785
805
948
645
951
1293
769
836
624
1880
1027
880
923
763
782
907
1059
814
957
753
905
762
1049
956
884
765
888
847
876
806
1691
950
842
1049
950
843
773
806
699
594
675
877
726
811
812
822
943
762
849
671
1175
1860
1214
1005
1002
723
582
598
786
726
880
744
867
929
710
856
850
1276
670
957
749
932
2505
759
852
926
695
609
887
955
762
893
595
802
843
721
698
849
675
796
1028
639
705
1423
757
891
998
775
1355
676
970
820
554
1149
784
895
806
636
860
1037
982
698
726
708
1761
775
916
937
948
810
787
994
907
804
913
816
1059
739
693
797
799
800
792
703
1074
1945
901
1071
884
850
964
698
852
771
618
829
986
862
851
817
707
844
977
1010
875
862
1774
682
988
830
914
1216
949
860
778
737
933
830
827
978
919
612
781
743
847
760
809
1856
746
915
767
837
1049
906
938
1048
1007
1064
1279
916
681
714
783
722
1100
824
1469
1908
663
749
851
724
653
815
805
670
760
901
1158
1055
734
861
947
1820
818
798
860
2250
640
1028
1247
939
1047
849
1051
720
958
875
788
893
1250
835
767
696
900
705
948
3015
977
896
761
1229
916
1789
747
907
1031
883
930
995
738
830
694
933
1199
900
785
1945
1165
625
712
986
740
952
663
601
859
975
788
1025
695
891
635
987
887
1086
816
1926
621
1082
877
674
769
833
1996
872
947
838
1042
861
682
849
883
699
2081
788
836
1831
822
778
1406
923
879
921
763
767
913
691
900
930
750
722
824
1100
784
972
654
1458
794
795
1148
839
870
1378
772
832
934
833
729
902
1039
682
749
748
755
846
823
1783
1473
772
801
1020
834
931
1202
746
897
1153
807
688
693
1033
1174
678
1043
871
659
2546
693
685
849
992
1020
787
972
844
764
875
834
761
681
592
1195
890
2175
977
774
1851
841
739
768
1024
1000
848
837
741
856
778
813
897
897
818
1035
842
1244
1020
878
889
787
772
851
677
879
861
672
840
1046
1067
937
1851
956
992
871
2678
743
773
978
912
994
978
865
724
806
949
774
990
902
657
796
771
706
803
821
1034
1137
1081
772
806
873
763
755
1005
981
1056
733
937
946
829
906
2017
768
978
850
934
912
842
993
1046
998
674
977
805
774
868
672
840
1016
1069
1204
721
644
953
714
706
782
598
1253
694
643
998
632
682
905
684
1030
1651
868
816
875
808
1296
731
717
1251
897
899
869
894
798
696
821
959
785
1105
1184
833
882
890
912
931
755
890
511
901
491
1001
552
818
797
1077
897
1800
744
823
953
657
917
1137
677
900
1073
1365
892
940
809
777
685
756
1877
882
763
863
783
511
811
768
606
626
1433
806
838
700
1041
919
670
998
1235
1787
766
831
938
950
777
728
900
746
856
672
1535
1498
749
1044
808
799
825
926
1251
990
1221
984
641
721
779
734
920
900
883
941
1095
868
666
843
684
1612
874
903
950
753
893
932
913
820
626
1007
757
911
1208
976
729
839
871
702
737
962
1389
871
1178
770
778
781
816
808
1547
710
1060
670
986
878
934
1555
725
579
789
875
1006
816
865
780
799
1037
942
727
1006
975
786
953
711
693
992
733
826
878
1625
715
2033
1020
953
1010
921
792
695
1139
981
703
696
679
1950
728
622
858
1076
1008
808
725
917
1752
811
770
912
859
745
817
653
797
689
722
981
814
705
965
716
878
1161
684
861
652
780
760
1763
691
1011
627
805
786
1098
844
727
987
1000
940
748
646
822
690
929
695
778
990
1177
597
875
1728
938
636
725
821
829
946
812
909
756
660
1109
858
997
585
1089
868
1265
748
804
740
630
928
1658
897
1034
824
930
1105
807
1292
1229
807
788
670
619
861
706
726
840
613
722
740
891
647
896
1894
820
795
802
916
798
763
831
905
722
834
2079
913
696
1014
1023
1009
