491624
81911
174879
482521
271167
708542
109245
286796
333433
307422
132398
292399
190782
262573
92217
252146
276685
281909
235706
197392
187534
58670
298319
291462
55398
75981
274546
514797
129200
163991
92162
177082
238461
323022
275089
80736
161743
259604
255760
193583
239946
105877
168583
180853
193341
156260
96087
90181
114218
286375
179388
250748
336512
456282
289089
241638
554208
104686
84224
163647
97723
71219
165857
308655
276551
294006
115616
226016
169393
307400
322223
273087
94940
128806
397923
195591
203828
171974
110978
180117
97392
142169
242322
291887
388861
466545
378281
78266
115803
88590
93532
303585
386194
249377
221157
353410
287861
84886
99620
215036
194516
228029
263533
602785
212738
286532
63563
225668
268616
251639
166707
273890
221749
177900
125574
181587
81103
112961
84974
153530
1028960
188668
171958
172109
268766
217941
102724
224473
100033
457795
61574
188717
215614
519370
267596
162088
322572
169942
111601
79611
229868
265127
120721
380052
438632
79020
321597
212932
250160
155187
95188
233210
129033
349536
270755
98884
703727
125376
427886
193196
69009
443552
94981
54595
180638
92189
153574
531015
155876
145660
256022
293024
77412
106651
190682
180463
345662
200104
234292
301312
203698
212569
78620
246518
279643
121773
74454
216512
344582
114950
263820
301919
403214
220856
219866
79586
128085
382117
190560
584393
223201
298797
478405
261576
160042
201040
182124
89835
306782
126647
456754
102679
185955
69625
74507
251688
220117
95684
332040
221962
332598
174793
484608
190456
127910
76275
243000
315725
116123
407434
120413
98020
282109
267729
123548
135389
259981
315589
276971
90770
2131111
224985
455055
310297
56927
348953
211717
493955
167992
267994
280961
180993
162150
139563
153022
265741
148760
257356
175199
244423
249393
268423
103285
369684
223885
233653
134764
219939
155187
579073
135749
99654
61593
121220
724140
73556
192908
373292
221669
93818
276093
2298730
165585
289725
69269
242333
109376
355524
2110640
691757
260054
174682
215334
270671
86421
89187
275593
1520130
221856
146718
106570
557399
98822
178732
315849
214894
234512
1390431
109659
242730
272351
335487
286110
97873
254057
248842
70406
299535
600962
226629
88315
185362
161659
86287
269017
95888
268790
96911
221671
243093
110624
384982
169564
90205
469515
239400
725302
213874
159794
99561
132511
187212
147296
219264
221473
85689
67982
344608
67537
399354
269348
200276
125255
103993
230025
280122
182484
138321
138891
238769
224329
88414
265313
341351
231663
181643
225371
204059
284429
179088
170766
274108
298355
277376
132083
165330
216687
93632
196164
311265
181183
279050
261419
137511
128811
247298
186651
104765
180370
153407
94968
145308
207374
243180
451336
47984
69469
193521
130416
85298
233617
819832
94320
278655
81473
183150
570055
95495
1710100
288744
319821
208522
167911
190549
82905
268767
74872
320613
229815
211462
131234
242767
233022
376580
73512
312493
186790
388145
96629
102476
453107
145173
209423
262672
226651
114992
218435
210494
98976
119998
251312
127361
185148
398920
188226
418004
92417
2520250
298306
307456
202098
238818
189646
69623
155589
227117
296529
291405
216646
86926
389432
309615
462699
338907
122532
220223
204822
221002
239832
72776
465765
96152
96202
123753
147141
194166
222085
84454
124681
163418
89146
78337
201957
242441
270429
114613
256462
213057
136533
191030
108704
82429
284510
67037
729311
208679
159326
273691
110320
81874
70592
113179
105906
89122
2194285
71975
99738
237486
246368
264013
337789
235197
211554
595598
100567
116472
107806
2861414
274088
187170
454598
247685
200629
143149
104906
236206
48167
331496
830963
424621
294600
255553
86034
108524
193663
147233
220050
114068
75301
221045
304480
90139
71494
223988
243486
108153
253775
467804
91067
229376
131785
243289
72025
212331
211352
211007
245825
220460
116176
214097
273068
422052
219119
108486
112329
120980
296528
493038
166557
246743
289666
463658
211872
239671
84989
85425
256324
83774
159697
535975
290207
278753
73246
78581
107728
97655
304117
148255
106007
156930
71946
97158
2604589
278123
321148
69751
70547
73620
80764
208786
62750
387372
275891
455886
242399
189712
292420
224416
290774
268509
75017
361331
217506
53622
265721
106643
220560
77209
103766
270961
301491
212360
224432
266981
281083
203159
266829
335780
766141
202318
184454
99633
73694
241974
90547
75471
280802
615393
2583350
316655
152824
295556
264873
260880
260931
223366
59093
102931
82557
99591
234552
202539
180362
255223
260221
101464
308369
84313
90400
284134
229298
213007
330555
444746
94689
230121
112508
302394
114996
62943
201002
183162
108172
113382
72131
73772
92131
77407
266520
74586
108145
213760
216956
230817
231605
328498
89156
199020
221401
150945
262252
123474
150082
228899
332934
228888
228894
449743
168861
219131
96513
109823
239701
208889
79597
339627
208974
281310
476698
126652
223615
104784
351374
96775
160435
217831
218330
384088
89215
265525
75841
308513
111648
1994217
198657
2461651
368355
620532
83751
381301
512001
219749
214793
93437
236959
278677
257907
115280
386737
88738
72483
230079
231472
86201
265933
1622454
98804
325291
109460
2243805
240295
460315
67812
269972
172812
75348
135339
216137
101100
727679
178946
112897
209958
303379
254324
2098550
309422
254592
126918
176731
192870
181135
218869
74945
190852
333094
75520
111492
132725
150238
253940
246493
347530
277325
368702
85360
216679
201490
152994
164384
185270
131519
237138
316220
298676
101720
57082
167786
313898
909370
69344
267938
97650
220513
412433
2336604
220392
309169
117827
276587
106241
234937
97795
83621
214868
203998
233395
103943
383957
188690
379143
174513
248398
106402
256879
57766
559046
221034
216385
94682
91000
782607
1124290
113531
407512
87081
450425
282133
214874
280937
78993
338800
228385
265343
344109
87841
188107
120219
158233
91646
242386
65321
174465
224775
68987
307873
174628
814564
216158
445035
74441
74582
224313
458293
100030
89926
131049
165077
80841
192179
167090
142092
252013
232915
239458
218969
211975
367763
279706
278840
184599
183186
229827
120794
344026
145516
97676
211616
451401
345130
90392
169336
231189
212430
457577
220273
76781
272352
247277
228850
185530
138367
440519
230463
250992
246018
106016
120846
75124
116149
273393
224390
68524
446667
576885
504410
456905
231068
97880
104367
349588
514132
274714
89841
207348
241750
99641
278855
86492
82872
171476
128496
60242
78699
211328
165291
129947
95039
71430
156686
297661
173279
145387
76896
372785
187387
126615
2461445
538338
99201
67846
290581
78894
249144
166048
189690
97370
2447875
295163
331915
245733
148942
190413
668399
257020
204708
330016
138216
261387
308172
192880
150534
122121
187695
372282
75163
160963
518749
186013
170721
218447
69301
229673
258004
159986
108127
217911
186842
133418
85368
187635
270239
461947
75666
259808
185502
78409
185551
106982
392357
172561
213589
92344
160303
161541
126679
258033
357210
316263
311755
91777
150790
328446
113458
120323
278186
117524
257661
77117
262658
87691
273568
159371
164098
95057
207451
195787
134931
99496
361385
498509
305957
204545
169091
122316
97482
574440
88536
110872
128421
222842
210574
103102
98123
265668
604112
214727
107625
95531
224452
231217
266497
72158
306842
92689
169126
164542
181415
299232
172349
117907
109915
292616
261643
212556
442813
326249
104604
310919
112746
103191
96269
469430
177082
76328
317454
559820
108872
156580
93795
104884
251101
115263
298820
88416
271213
70221
86187
64543
143571
760753
234556
141053
334361
162714
482816
748952
194058
345801
108956
219722
192475
163694
111071
101617
135113
189950
211350
98309
102270
103222
379367
101485
280402
172639
113649
247650
185347
238521
242394
76526
245116
423339
227384
120335
172702
184341
206785
253023
191592
439500
204176
478767
223419
165128
804040
356287
406851
118361
216629
102965
237166
211300
170318
316692
217478
863972
190799
270153
249420
784842
252224
206036
76982
92973
96013
129212
85793
199346
109755
96420
112152
153279
347301
196146
343808
475453
283145
642590
274810
530294
90700
168984
203144
186481
73512
97967
244319
335443
236199
397546
338356
223407
686099
118790
222146
261699
1537845
222026
116424
187641
202646
240808
143208
130453
100002
536638
270981
111767
99846
98825
274644
167879
210731
128950
108182
88253
114729
773771
77249
125633
181307
311763
89118
86660
245460
638403
300887
113292
80699
113723
210868
256633
264156
219417
287863
150002
122119
258855
246642
201726
84894
75527
273164
297305
282590
109624
168275
102828
91814
374612
253618
308214
71169
324378
85437
221631
82117
173160
360685
208903
142927
166242
274611
162598
317363
62565
221445
380238
211353
94568
322814
680142
83312
216348
183839
305113
451551
80779
211727
246033
320175
248480
93804
217926
176872
518646
103692
132522
290348
374958
273567
547379
265466
253796
155660
108910
205964
317935
213136
266286
96153
353858
271887
189316
108185
214888
210960
215414
109652
174972
314081
242861
138637
301908
324549
216968
244944
212751
269245
257944
261880
93066
78462
196839
225156
593295
399747
211630
73332
102165
179843
146378
106217
229120
168072
65686
128981
73198
231151
191563
489310
210837
93496
204347
241419
119572
103217
82851
76826
494787
197772
256365
2369302
119650
76434
221879
152786
305347
91438
124282
112178
233910
91299
108828
316257
171672
383518
257788
293479
115823
623528
128732
136422
186179
153407
137341
344984
174967
94362
222235
63846
105296
265535
178842
93417
60891
345351
113133
93754
71435
172548
94045
188711
229124
183989
121777
135430
89017
212723
220135
293047
238269
164046
255655
114330
316060
200183
110701
82427
126314
100122
129384
212309
103700
101831
270989
291183
119147
215994
315672
207805
442355
300440
215322
115488
98582
240410
263121
95811
230990
461844
113868
233179
93644
78893
211906
190305
207705
115031
109433
330228
540423
211033
73923
291102
534531
213341
112827
215900
86369
203085
288675
90298
296971
98085
145151
191537
65335
87398
149403
84957
209971
88051
361221
190246
80648
161827
102858
119118
1695927
91327
111528
246266
91100
73545
336116
162240
149259
93488
320920
90559
196500
296467
168735
286671
123981
2045915
176454
83959
209218
68163
86873
837884
396483
70861
450369
461661
94892
200438
97072
511578
374198
260463
226577
287882
125153
111190
145780
285965
194596
84435
215427
226986
91402
221698
284139
208408
115876
102713
329839
53741
222896
147142
467111
234846
123479
278675
112553
179039
206681
93753
228596
67569
115019
224859
120078
120422
418647
84875
188784
218735
293711
240775
291929
101495
270840
121412
289761
200347
1887625
218322
202685
274405
279405
139390
286126
393406
75649
95411
83444
250611
101435
170216
530077
223994
219432
226469
223632
801756
379489
253683
516217
1420489
93990
185274
553523
618162
184649
146652
235645
1684469
93009
209599
406370
178751
136515
176472
181136
223375
113446
107684
224982
344209
198983
57926
175698
264640
221486
260020
240531
225591
90532
191488
172147
190945
220050
200987
198402
89558
173365
90989
239033
98317
219151
218410
565518
162359
189468
80177
183317
157537
143000
123558
196331
286630
147792
178858
102034
326527
166066
199543
195412
216488
376519
194504
192014
284837
186457
196955
504060
88903
238136
264602
225049
403832
90939
265038
225186
298113
108749
336550
218901
202983
155755
170343
73334
112258
88974
262114
255406
93283
197157
111072
285154
100179
1250985
191118
221023
211858
143061
276654
102553
296220
92087
208245
1586592
432515
206696
77955
70109
100073
378732
187094
109577
121067
306600
106331
273016
213758
140535
312587
604193
489332
86783
211448
456099
359289
191547
63913
144383
82722
267161
464515
161163
167812
277479
161353
108440
311339
175998
264796
142154
215638
229529
273499
212012
143169
357211
238982
86612
122912
265984
230252
100230
600733
221254
305514
171214
73851
253699
69917
293546
111495
514438
642773
329118
100218
125006
108205
88843
174801
208531
90938
217273
104643
117316
106707
79326
103500
290980
248453
123963
84414
247114
481828
195284
208890
507308
233428
264549
724433
86348
278489
309694
163386
173604
170546
202874
239984
66744
644026
212133
368319
446333
122129
228744
73364
452325
262107
540017
248394
81450
187453
1190836
403933
418979
162712
239734
315844
160886
79178
84590
171890
302767
232700
108594
323586
144243
172289
272817
217254
231164
204854
213676
197334
89365
2147338
107987
174886
156395
114004
325500
541325
86903
70075
201693
328858
110127
217657
122736
214189
95491
597675
117125
123145
87097
65396
271169
88935
137154
108441
119188
382499
189971
210727
162881
240281
122829
241251
217039
279733
91947
263819
136835
87343
211277
118352
327709
136758
166741
1257334
319539
83395
97189
215884
284163
275533
234552
77972
123696
80477
283775
281404
1544390
296832
87915
154335
154566
172084
107134
268509
221068
242604
211505
156604
121827
131344
273679
225378
256260
74898
253497
106357
273492
515489
143745
198791
143246
256597
86356
116419
179857
317198
420462
237295
336016
300317
244578
416605
77168
255657
199238
161835
634552
156935
98976
144568
181338
93367
78178
74479
269559
216636
99080
257261
216323
394166
179155
242535
384022
227364
305098
770989
64130
113322
141742
330241
252323
81532
412648
215438
91998
239702
104312
150076
48446
205416
292965
72160
264432
588302
71593
279488
210246
96068
106261
106228
150473
293157
190863
136214
215061
607607
64415
200739
500150
467075
263127
61681
357474
151666
190231
216868
131911
296976
302198
205658
231562
110721
168281
154751
101168
198205
230686
652514
225119
269114
2055283
76932
209359
302042
399750
236193
682609
67816
2544058
236920
74339
161326
148613
231048
147704
149581
109038
96924
279172
364055
119432
96112
174568
337355
122127
195632
77010
389979
258782
77953
242541
305843
107301
111698
234126
130957
202677
705243
189587
517595
250999
128739
215465
156233
1795875
192536
186202
334691
612898
168571
218799
263116
95565
229348
224856
82570
200633
218985
214382
75766
790509
426493
220143
310816
378807
243336
673491
289477
281734
116011
74085
120507
177968
626010
156946
120741
223309
185367
110993
94666
384579
194544
258859
262668
143184
224050
315437
281233
119410
754846
274922
304712
105829
133318
269125
250824
327152
81186
92029
239822
197561
54137
316610
257876
67387
85174
219247
92859
180241
120920
108789
192469
275156
119023
323418
107554
234388
124586
185661
107932
114038
103631
64919
186080
171491
119085
252897
188417
232122
142052
211914
233436
341565
68258
219920
95999
183386
93947
294838
83783
221066
2348033
84175
193292
120555
100810
144441
277313
316077
265447
119200
324242
202762
106186
88631
716902
273899
88759
292814
294257
192928
1020453
122068
299783
361952
335919
198506
128379
102862
85227
272204
201854
97359
306951
314250
96611
285695
229298
219339
199187
226868
160438
72124
240460
167612
90685
635834
269052
175915
341348
267206
266172
87517
152844
279838
114549
234107
75737
75973
140146
273097
173878
201301
307838
205958
401912
447498
294382
93765
167407
406856
101098
84270
550070
119795
184483
487719
139435
192657
102506
438527
218098
221299
159195
866351
133739
85488
55714
164668
1784153
91622
342490
53474
449178
156869
216232
438437
168733
73377
91216
189194
207321
258590
527552
222745
84854
80850
113485
114439
180871
53862
139419
110772
84675
78589
103352
254071
230629
359844
139722
83326
222339
455314
232116
219208
233074
271483
461234
246653
318258
173485
188521
242312
107081
169744
211031
104392
85900
192610
1981290
259113
206150
118579
219156
86977
119063
176379
94276
413605
251943
842141
212860
139984
219532
76806
338023
233285
80168
230820
126797
218525
233197
209268
427916
223256
177839
233335
218267
287504
127315
129093
90857
157232
693504
288198
107001
254683
280875
283340
98379
231920
351789
97744
92127
119099
347166
212378
115722
104455
277772
85740
254775
244828
393961
272592
189989
300155
189430
80663
108630
922491
152385
88855
274881
95889
75215
125824
152482
262357
414277
134279
221803
82370
318847
486182
192489
248744
81312
319574
72910
186200
184730
1709831
633582
214157
557001
246078
118089
325146
156284
97569
259590
192291
96756
247318
311374
117790
55705
69411
74064
185908
297751
311168
65284
204111
273958
105838
126814
89178
47639
86938
195544
94191
147700
251464
304017
219493
285701
200613
158585
193831
278599
218843
82284
119960
377845
312076
86361
78964
320144
147115
228087
246410
243495
100360
121433
246778
157528
85583
225462
304282
162696
85387
85271
197218
90871
267701
211192
126496
73128
141078
327611
121974
110168
240699
214998
269311
118072
219297
275135
175635
249381
62247
93795
203644
281862
234136
97328
260514
300323
184647
254440
121288
186182
151734
226200
195787
101080
176933
166761
91011
80911
152094
99995
100059
338537
244081
706385
263260
577731
184086
96430
95550
2047040
223641
109677
505282
173638
198379
193544
190789
208984
165462
109738
77047
256161
111026
220770
198886
101474
226922
110990
274012
473472
173567
62053
315025
104249
76883
603575
518820
495201
176208
350588
501820
97675
120060
188154
260001
261699
149260
309130
482227
97918
95112
257553
190706
72891
201542
122386
118123
95033
184679
91301
128955
225036
342737
289940
120285
200372
70320
90839
234234
209487
517553
314714
265320
143225
90418
113993
272045
209239
262858
209500
253146
136520
262468
177418
224655
73520
191587
95158
258013
318110
114124
70792
136638
128925
273886
101777
312441
236603
174401
266965
330061
89390
123273
199909
127397
85163
191856
66273
224983
234775
204072
66665
262709
107668
361940
85674
189795
214968
1700605
218710
331087
204820
212768
291854
91370
131224
323400
219768
197528
114068
128114
235553
762168
94922
234572
247886
339004
216380
132018
177378
254013
100124
204131
269473
112921
264462
78280
463523
50753
535533
255611
295299
166420
302959
254539
263228
223837
464240
119329
267184
107377
121357
193367
162562
208959
209356
66919
152914
244332
468869
68674
267966
176627
201948
292691
224681
223916
113530
220496
123309
191346
77755
178663
414929
244203
88376
132303
284567
598528
221013
632517
93193
82898
395741
362074
163015
118341
377112
87974
84680
216895
265879
90221
330989
120567
155277
619111
277921
185260
220014
204394
87079
92355
220024
262751
92022
972496
177321
108244
301792
95682
189269
235822
74540
206110
164733
295404
131244
83492
216226
170847
637189
155783
88685
323071
85845
111582
90548
88565
330729
64016
104303
83397
156744
305938
69236
170453
308394
156555
317076
100896
232216
94348
208705
262341
191274
92277
179789
195260
239201
123457
189172
142660
303331
87668
398068
386567
83936
119508
163819
205014
189811
230541
234204
118855
56200
2597140
278937
437548
84152
89978
73603
173621
268321
222450
207785
62180
229374
268431
302465
50642
189751
185003
80429
247726
345221
218122
68787
65883
178295
308264
109069
242663
187837
94744
84336
417700
92880
309696
242067
151832
237790
113352
158352
122136
127724
214817
133144
141828
238952
349455
82622
191981
137171
146781
285579
235997
232413
208918
224352
218522
189037
75587
164362
381669
86864
311208
127658
315882
90673
111539
147200
97757
834270
186729
198256
171901
181848
237152
56454
86272
79710
177815
87363
55379
221429
172799
2460068
199089
326817
249756
108758
96673
849094
238120
87537
69617
528843
107885
65182
115089
303092
77624
82056
223852
228056
75462
273022
295680
233391
86319
215909
362972
2290948
191311
234470
101291
83898
114251
112450
77112
177220
474629
106157
256109
85575
741859
192686
267993
613496
95068
295998
167758
209158
329035
341688
104930
228524
602240
70389
236058
316858
210017
216907
184941
88164
97359
98192
302280
193103
147298
253881
93186
151589
336513
217643
219343
99477
859674
374086
720933
246475
101627
268557
201979
301380
239171
107646
210449
86645
225222
76307
67553
188097
436686
225468
177636
95564
109347
108781
54597
212456
250121
260603
524857
115817
386798
408542
203567
221721
93714
171188
130009
525409
161609
212971
255222
313418
304159
252874
97397
95158
248385
137458
199475
175638
286793
264246
347773
356160
66611
190457
588341
279216
187844
264778
219670
80859
222622
67637
292586
531916
161520
178443
122967
91942
195791
93705
198472
311697
372461
260870
282414
181545
191524
297881
342001
99471
536112
67837
271222
97623
105542
123907
2687714
228969
297055
185087
120100
320534
105140
179169
366386
189734
204886
238213
149147
84032
104320
156179
120871
229628
381350
141571
193734
207167
264481
321784
345983
79545
240255
93409
313650
228580
292458
432933
187189
162163
190625
205573
341733
2497808
390746
784991
383148
169833
155372
298382
86618
139814
116033
301670
285917
387449
72477
272997
256070
119491
272774
89329
375561
92397
244618
153859
155559
221915
210699
409572
235125
254220
311364
382409
113788
339330
155884
107849
162635
179356
274888
176410
346878
215664
69036
198268
151007
198448
105489
236781
234536
199026
139053
132695
95733
133182
86418
263819
354987
91682
203931
140068
161888
488998
85675
1701944
186586
154403
88974
173553
86181
130441
100598
81372
179191
199808
347311
204933
93315
72675
103019
221894
217649
143805
71217
127761
83617
276179
95979
186934
361058
187731
268788
146073
335658
187966
92383
286555
313455
197290
306229
118108
180926
1661610
241040
505845
366528
519602
418103
84430
425282
428823
59731
230012
204490
193166
121585
187086
221692
266982
79126
164719
178509
484390
165078
265869
78721
116655
265875
279959
92853
103489
104360
105456
230466
67471
239645
287679
320899
452670
372731
100676
389569
186477
160430
92276
104846
69021
74810
494787
398687
310335
180608
794434
197580
124475
251454
173515
250200
1839697
598169
61250
265136
86131
94524
320581
309711
563328
183871
112066
219508
194795
206335
65650
453402
222323
473032
243573
286659
203196
390649
222063
117394
106065
88489
283699
99862
94602
82876
268205
235674
318878
267281
591529
449546
121102
166078
116067
185595
781067
87993
228107
94067
182196
205294
296500
1769612
1751297
242000
233122
168773
425845
187837
300618
119366
176238
218092
114939
86030
86673
352236
448170
178739
275088
105467
86475
173805
102884
186017
79822
52481
99307
65477
174836
118832
95977
105756
367433
231027
112293
279580
124381
191447
277747
86007
119116
196678
73054
166318
124689
93960
224007
175230
209936
182010
139569
430316
269233
218628
287141
162025
220144
119677
60616
326214
248480
115835
124654
121771
304413
1690439
126376
236335
103402
570659
92960
289836
100318
330379
172613
179446
305226
254214
94903
207890
294501
91153
194182
229160
90743
276068
179296
132338
262706
83136
370260
299443
288775
323096
200243
248951
114008
117935
269916
104188
151134
262147
98831
203148
218656
203947
505322
200940
1891820
1903847
87571
84653
112170
401543
88510
127147
186311
225758
167750
104307
93470
221990
300319
77545
457064
87129
182406
74964
93938
402543
69784
274639
317131
244940
93976
227161
69085
86955
270054
257491
205728
182262
106340
379012
190585
469428
238802
64471
98183
90797
760162
250623
111946
121311
91802
218258
91165
101776
80041
111607
117475
244055
237662
296296
166180
125092
252236
319930
83638
432266
91038
496338
202787
432238
90940
269430
108128
100235
218991
232852
201518
171980
111435
173383
82961
257666
180836
93585
326970
259571
206842
300470
375784
221321
109592
87587
156102
205706
304581
129665
272920
227203
102732
222665
254772
209406
219375
111377
607415
426087
91264
118666
167657
223329
218935
87185
98012
71759
330769
226031
192482
118226
209797
217981
348528
560063
319387
200086
607099
98028
267362
173087
79895
223013
338089
384682
367737
272859
421385
236364
185239
123465
259237
187409
629571
122497
2463968
270066
293822
264929
233289
180582
200509
101974
84304
79142
396447
1444608
586634
208011
225496
180858
66972
178771
307896
306799
162435
85831
76022
153845
206016
191091
224401
1606987
257438
285852
272301
792061
247223
185901
98015
308057
234848
453172
118940
108662
692896
278160
272993
189930
249439
452389
304752
151599
165422
276755
46219
105280
123189
115979
59713
282178
192845
98147
88302
241903
268160
157328
94291
2532783
149641
59943
249161
99718
226703
128233
275495
175186
86228
170787
180309
113974
223767
68140
477334
222217
172537
300181
515274
182860
86571
371459
244366
223939
88032
133127
106336
1667235
166274
385261
130409
230592
530114
230778
429743
285111
190849
226368
91973
185493
366942
233048
248891
143145
321132
200442
301102
223900
295491
254624
200574
287233
277336
62284
81535
193648
267480
377135
197247
282041
226726
65324
271650
673485
69200
98969
230474
182674
240838
87351
229036
116409
159548
160196
106963
1554760
104411
367471
226228
86768
180992
335216
186735
398406
74356
267296
123419
475401
315405
351874
249839
266534
264408
89776
113951
138367
332672
84373
66953
97552
163292
248568
208750
76442
155792
94336
97514
128419
221721
109353
71919
1868233
222664
158858
183295
389153
266704
312571
215407
144991
77863
101147
79607
289916
184630
219188
701491
66109
307676
83707
238931
587402
226341
90827
96948
66290
122720
107661
217188
73029
185423
615911
949931
290881
112738
228933
344461
93478
457923
211699
348622
146373
83260
193612
237408
98512
95649
213975
283973
677960
205605
2035395
59101
128554
274079
384111
103238
211674
246623
212522
277925
248744
197089
109504
223744
285225
120159
338339
386049
72138
227240
203436
277037
212677
96868
217289
237671
195866
197861
181270
271940
78077
416604
252329
189471
174724
323539
638059
313248
276721
106370
217097
212959
199915
268262
94779
203459
312653
98869
108912
448895
219282
271833
1488176
98071
713479
221902
201190
226128
344168
90733
293176
388343
374320
124382
312922
175099
224949
83212
352064
334450
107867
88797
81904
252993
116516
629227
101619
501859
465478
96318
192309
279263
117256
167224
61691
80492
389842
91267
218576
111379
62544
233007
193509
283954
213995
262397
83816
121528
685280
93942
144644
104781
161220
185873
82685
209059
156729
275477
211119
135211
92637
286134
113013
206603
404235
105738
203820
279281
2228791
91248
196403
89869
276263
608790
283293
411042
290338
117434
260875
101294
368056
87703
198826
276931
215491
69569
224006
88289
79106
164431
198889
294200
102160
120026
427681
293491
111831
277944
234763
522437
373646
92989
243399
94193
73889
80835
708174
329756
640354
278016
204935
187988
178778
181447
96427
123931
351310
174545
94177
73751
65306
324705
309974
799981
256244
172817
206953
268740
230843
120439
74213
281164
262183
202167
181197
147592
133605
180989
98606
107577
177444
74417
94588
191262
289153
165635
487217
99624
321550
490041
249447
113906
161579
115954
120455
72067
193753
192750
100846
93363
71938
276746
337099
201846
58643
227088
133413
268466
227704
111013
196047
123651
218151
473140
117488
89868
475557
188152
653002
146319
340948
233597
123524
84411
268406
157065
272083
87910
247171
102234
198176
218975
284368
160422
408076
107699
280461
278687
317793
104943
256250
534932
259546
129839
98797
198701
73148
164013
332723
109283
315903
279538
482323
208795
566528
456442
272411
680343
147797
221269
318850
119574
109784
92258
294111
311532
91862
84684
104228
224991
423072
141746
170556
234721
484974
326275
195026
132125
168818
299240
186876
204567
258745
488510
95379
192707
2186330
556897
303803
266021
294854
102369
99491
470221
629333
262978
187139
101593
106997
204429
121323
70447
155001
86552
234645
226905
278636
2116677
199686
646116
477202
141091
478446
113835
438274
270208
408125
192674
113429
186668
185135
285897
324576
580453
80248
228248
172199
236084
77577
142690
236397
651346
214112
153084
347440
866215
386920
186417
221297
168677
305719
141388
85606
216302
162822
277308
258016
134633
214717
113672
234585
785044
207650
291474
223441
167544
235420
330055
132888
170134
372556
194557
83072
208670
150927
336905
319580
80205
594292
71836
109376
313332
404300
253309
186279
229772
95790
174424
201210
263866
170531
209167
192019
269259
68808
152464
222423
190131
81524
236578
154379
90634
274418
265449
108735
229714
86357
169080
365580
922724
499222
109011
306092
421118
281176
101970
83913
385718
301946
437178
93659
415347
438137
120708
114104
268280
458501
524247
354699
224421
206055
108769
89873
237260
230519
171742
116240
263833
70418
122728
218798
84486
87936
187061
119051
252222
275623
132810
235901
109443
269835
152803
217945
155049
249995
291803
59840
304194
215853
295638
117801
289709
385583
162724
251439
1975673
241558
220390
77156
154130
361415
104922
194634
194349
524806
189899
189267
89467
91880
78224
301007
97396
216706
638159
64228
250603
520854
328167
312961
836838
111228
211310
220917
225232
68836
467109
96220
238292
95681
108826
267288
129651
87488
107662
149253
518613
298904
277473
124306
236205
115202
344761
97942
92562
135841
287747
265965
277254
154017
321282
215222
477229
115146
121643
91773
272047
227883
185155
453728
98792
217508
69117
188427
326029
325531
103176
98205
587334
65938
251295
252253
102139
205916
196056
230941
86618
219039
196127
239020
115676
99779
94268
221156
182763
830752
221712
83000
222642
110683
193483
141604
108378
261624
94486
119110
616797
97406
185590
605118
169096
189317
240999
83253
595506
71894
112363
189775
81549
64070
305534
95846
251207
201009
86567
278144
162172
290801
2584580
106595
274163
217110
265922
459535
225459
404528
221319
82967
334051
376835
208427
254296
115070
327596
257816
156798
73490
71727
517110
331965
96835
301893
337888
64441
326588
90868
113139
87496
192446
81592
55037
225267
209580
343719
218283
59967
96439
72697
375592
79711
194987
537831
103360
285685
96014
249393
238655
305082
218254
88240
66524
287979
364116
167157
189323
291252
159806
105040
315805
113715
157614
507701
234846
78364
264632
200378
182486
256911
191791
76301
118127
58000
128967
109450
105738
132279
131700
265125
138490
351323
218355
209489
112192
78802
79760
215288
60367
149405
149982
326716
131149
2055359
57205
191020
108606
207320
219217
109373
170748
274598
89523
99363
311941
457163
2188086
91536
108806
301868
238047
510849
232288
254211
279987
267239
98418
325411
206669
494416
242411
94665
432524
172131
81220
107426
338261
77043
110638
169780
273930
220087
189554
316980
104482
84484
113243
130807
65676
168613
199223
67234
567533
111485
157730
118976
218175
227532
144300
207673
79625
217148
328048
191656
84418
136509
450988
130474
85876
92133
374109
108312
223346
161691
65588
65627
243835
117917
67950
55027
1934206
236916
319539
442282
95664
276593
319532
173192
273111
110079
215121
292107
99243
241322
166885
206893
154103
134402
92483
174199
175698
1173813
2297849
249657
230013
282800
242558
95246
75276
114854
322811
219754
55510
224401
239465
132476
55340
156222
270340
157406
223329
235406
58380
112301
265513
293635
146705
122981
60625
147483
402812
420893
314841
872717
210508
121630
218364
276094
188626
94807
313538
134743
278565
2430563
107673
389426
68428
104079
117832
110270
205545
181142
271726
76618
187790
168239
217750
97768
346055
968176
162527
468692
108961
234050
208635
215400
239232
269215
231690
366884
188869
245915
110315
64214
167200
113961
215260
111633
194317
274131
113387
202982
266346
106418
196994
90151
195891
260919
121738
423263
592669
102454
467261
122523
142605
339848
220429
150704
161027
110205
237940
231188
317789
96000
83854
315096
68783
267258
238469
211732
208742
104163
245809
235225
92036
70289
87394
96376
2492397
288036
93401
493581
142300
203990
275300
109844
173846
211321
166332
191962
606408
139024
84846
191735
73543
93164
105470
225884
344548
214637
272595
123522
102548
146196
90910
508900
197018
96528
210321
168139
161649
64090
274553
285549
185756
276409
347258
107752
152380
240886
108743
207776
493058
265184
315253
645653
107531
102085
247531
108830
86505
438686
136221
194646
86936
370331
212100
924098
67977
92874
187093
241938
110898
79801
131704
97130
107904
189852
324271
388877
153828
337130
95514
287617
85277
185416
100286
84942
99427
243179
204581
99713
96239
73638
176867
302881
329325
340874
293619
369795
151089
239457
239021
549726
209621
490014
236429
113001
104406
89914
239964
180741
220298
328103
303161
274144
317622
351869
117301
221706
76410
183275
393171
238442
187853
155378
218807
218347
98713
208852
122125
112802
103122
115870
1718963
261240
226188
236608
2053437
183387
84886
100586
1738347
199629
65122
62642
61248
328026
187403
110327
148813
198001
199233
220866
278907
475515
103092
70303
80117
58466
240950
155298
168761
82924
215540
230104
77441
2638291
92886
94857
208168
221791
275136
187916
299709
246561
191723
272483
246046
273698
222359
212734
228659
122424
68212
116553
123319
115205
91816
384600
180026
85940
108031
101358
209247
260345
602701
115687
291816
537432
240085
339394
349157
209774
543156
75421
93698
88301
195773
212518
161896
320126
159325
226155
113224
197619
100855
109534
178309
123476
357975
238916
165195
93128
155969
88623
233800
133782
673539
275612
379057
157962
289569
173505
123037
79661
615563
222790
214925
254260
243625
100867
245701
137407
201488
192589
85932
96814
229485
155436
194450
293649
95725
199326
318284
225926
60794
108105
56491
232858
260944
200127
518251
457153
320257
436891
97450
218833
57081
552608
299039
91936
536120
2334569
207773
95444
85977
287329
70700
95888
94850
102539
482205
240710
322183
325751
272880
330689
101849
242367
138289
121255
149030
225775
179634
119446
110551
188950
216010
333605
56899
125375
305941
89789
234663
280241
86479
230084
107558
129871
103612
185980
187182
134177
223539
315881
365412
80382
70457
102930
343542
273365
183999
2492354
218976
182472
327328
340205
223301
106563
269114
88108
144406
219718
307535
81373
664410
323989
226408
85381
221851
85375
270830
231394
212454
113418
321934
313991
452946
192584
202079
271606
66663
147473
272646
93438
109196
297627
157977
196954
102085
59887
278948
87811
608730
99537
95551
51881
321762
104768
230275
85650
89634
236053
293535
266550
227398
196936
136509
140105
82964
184389
76311
64701
91430
116755
133549
94108
129166
252984
303015
198411
64454
256193
465778
124901
344574
279895
75715
93220
218592
381114
264517
349020
76218
218466
412292
201973
108056
68320
159920
94539
306621
93921
337471
234432
261053
297628
122624
223898
120910
252422
97886
617389
308806
113039
269232
108873
265905
139064
271062
217606
310409
211469
72992
206245
609710
108945
306494
107794
231799
247553
254012
175223
244543
188625
201806
239565
216605
269074
117442
90420
115823
2222114
129062
224533
142623
239083
281516
101877
90677
84912
172251
675154
82362
95202
271449
209255
147118
240518
67837
94121
177545
100326
238202
194889
274941
98031
224209
114458
239535
103309
244224
622860
97027
209335
76210
232292
85274
179233
129659
221645
174384
239572
69850
194721
235272
222403
109887
312910
78963
114503
215671
334138
214116
176590
322475
530468
319632
191562
818162
240787
91415
187547
245753
230969
184247
266068
300612
731997
238732
105863
185916
187473
459038
320748
199427
164979
298934
259759
115562
178185
148405
173000
162061
301565
129766
506745
120847
132445
283249
1771560
332971
274334
160231
277385
266045
214662
155495
181290
219441
87244
228144
102109
320163
99672
314257
396214
180657
348302
77356
231549
274584
286602
104053
438836
352455
222902
343747
108602
48617
75171
340070
95134
247213
231523
113897
76963
210818
101277
285280
325542
134810
604248
78275
388217
264278
546022
223105
319783
181518
264307
214567
240171
258443
120193
252971
455837
351961
110294
216731
596568
344836
536459
340057
490628
71615
125164
284875
308148
571414
90911
102115
176042
134084
104040
87689
543180
197717
609606
101612
489886
340657
639871
247054
270248
117878
515244
161376
157171
303629
178789
359614
190854
274588
97843
272078
336142
1506687
106543
273438
147014
119229
92258
96441
601337
295174
175359
78399
116682
241066
87463
271614
116883
118202
177872
133005
100768
634208
110960
219385
85491
93077
130435
177975
235683
124928
299556
961576
205281
221432
181477
78053
437770
212407
320367
53831
171398
233730
307552
377706
199314
76451
222147
103159
70227
475983
89393
144951
224125
312474
242575
281649
142943
210030
152830
128913
212575
249254
188273
227045
195176
89855
199314
99318
239422
331598
1615289
201711
326110
404585
122484
173549
448774
232880
603753
123558
282127
102033
83647
366358
436114
225048
792053
251000
224492
104089
174109
269901
193887
102056
99193
57005
134979
100420
158509
185549
101646
216437
87340
225129
254350
348603
373044
176866
172938
87268
73559
196649
134941
302968
229309
241489
113401
486958
635052
210421
284551
242578
328845
173746
260391
237319
90010
254400
312757
250280
375920
223024
274194
85942
283010
153426
89975
299931
236919
196518
163214
286819
102542
111990
327143
210031
110035
656866
296621
75138
251866
67271
197950
183005
285734
287713
75119
158096
63999
277016
923377
80629
350515
153021
180508
164733
114976
110932
187717
344280
83880
63789
193402
205844
326031
292180
264144
362921
67981
274634
305036
105689
1519395
99690
205445
155831
160993
388919
219205
106635
191486
230117
236524
225416
208235
463392
217327
215444
205928
234184
203610
355554
63519
88325
389095
334782
158608
1637802
117206
307173
338372
136531
153997
342837
215355
228859
274276
184452
2098683
96545
221145
297036
310106
100087
79304
179480
188955
764476
94347
107897
285734
241934
510169
63330
256130
415245
505285
315573
558523
101874
414073
105247
117068
135779
191455
465601
93815
305151
570747
281459
217949
277583
111774
551962
117316
233393
192125
67965
182853
162084
297354
473682
113457
251446
191704
148079
107928
242933
338963
119446
201289
129071
164545
89394
177456
226733
364651
181194
211319
136992
348807
96383
92907
143571
67590
317303
310871
382177
96162
105376
261069
288956
130253
253978
65265
171914
366886
325416
191830
338251
302837
205342
271735
179730
81704
98643
213007
457663
198689
454614
99073
265981
264507
287079
79193
127372
210695
85895
229032
416819
315454
180728
220577
79482
90694
270471
125491
164751
332273
658546
281941
209211
1994408
134195
252360
96885
314104
209240
1114387
148277
420174
193693
277316
231023
118509
230970
344639
107551
624935
94966
94477
526384
205257
121193
305851
158829
219699
183806
106632
196663
184760
215601
276464
67697
212304
236838
185407
227486
415655
111516
152291
251604
335241
348401
78678
104499
65092
159966
717880
151616
216981
537394
269956
113948
200428
232693
292178
96949
79365
193611
284975
215727
117256
548302
183073
149268
72288
116314
220899
189817
257318
349050
106457
194691
216727
216423
325335
267879
217989
257106
174073
191337
159718
114738
133547
293319
170119
121089
280319
251977
308018
232988
118969
352387
110975
57550
155537
207710
107927
153489
112100
100095
257039
84463
102375
280900
90189
207492
181332
303762
347676
79629
157650
57430
563132
394975
177810
110464
263666
369153
181772
246191
304890
111103
109426
230654
217409
101805
109141
275773
161392
892437
122130
103523
224078
256597
255559
290442
196201
209580
233913
182786
434756
90481
85190
261788
96177
201630
67517
93292
60654
322843
111368
82786
275790
198679
210897
126041
169058
338224
178852
219665
136702
107537
102091
225747
285283
266352
250548
373555
233353
105441
284380
68528
97859
219497
86801
119669
439713
393895
294400
332285
156818
380929
417902
212083
115118
460523
300605
319766
217735
271368
263573
198992
73371
325862
75682
471925
179666
154551
188560
395075
231680
88730
113718
539120
539037
119862
108020
85020
111626
222695
57181
115315
771569
84273
621158
93742
71384
257525
246736
165416
192264
313471
150791
197834
180706
158956
194038
258793
301354
91393
86726
226133
360234
232907
119254
110615
229197
200723
187818
218299
414796
249607
267208
542654
153677
87668
353220
121170
232242
295125
231175
304591
316428
283523
491675
122631
316440
360211
286627
229251
95843
70533
99885
188061
231442
213365
315193
64486
85432
129554
111744
72775
133192
197193
84392
272709
285095
93416
210188
271484
110419
77592
179316
262591
107868
93803
253235
169881
183232
276513
191390
131212
310476
102579
143843
353351
68796
333222
95471
73127
1789357
320675
118962
122020
215377
108195
309844
210761
191559
176968
113031
121825
208151
209383
279718
233309
202137
76344
263899
277917
102891
214040
96469
180002
173258
238192
299578
115003
114838
210532
89075
179717
87720
80176
96381
268669
111522
294817
228474
78642
185910
186815
243374
247095
292788
222730
182686
129274
214708
101766
362849
518808
70193
202154
128013
2036063
99458
91397
199203
110387
107584
86094
279644
273235
91685
420227
250019
158482
476176
236687
274906
192185
110422
171633
91455
270463
114327
68186
175967
99968
334416
91888
229185
187540
74920
82366
229534
170135
219744
368583
241437
126834
246316
173170
190532
456034
133685
129292
210419
873310
285582
197774
104425
231502
108861
86029
537746
164665
297430
599248
169950
341994
75945
325094
80541
116478
116938
426241
268484
192079
326809
356850
223330
563797
97179
71874
295172
230753
199200
97643
374987
176244
120599
110929
86783
97621
185656
328898
225594
118622
243302
222580
429238
288166
197090
111292
322294
168268
169954
107745
180381
102382
86808
110141
93507
283466
106367
346499
1898472
282081
121554
384630
307325
270515
119243
188895
62452
121107
190014
114639
147623
212743
225668
222257
270921
297814
273860
302772
50386
365189
217192
386003
238997
387520
88647
200527
249906
177900
217205
495146
646729
69616
295846
65821
64358
200799
489624
88249
329816
217072
103882
352874
313375
185721
212090
210697
497926
220372
97806
314874
321689
224243
156176
216936
170806
170814
171540
305037
82227
102838
69548
118712
180070
2207110
83710
126357
162453
116432
106762
271684
101772
114009
189063
294281
372780
230846
244292
313475
220729
350273
259170
105302
691947
294704
475899
118386
227453
219453
209196
618665
150094
768224
114462
275517
156590
68960
241825
263698
213667
273186
746841
109081
1105876
221387
138912
82330
625624
712614
188410
90749
193080
233608
94822
2518711
97966
109556
246650
372679
133917
101919
491629
235770
80159
113265
201865
429220
139365
386261
267101
265724
109899
308230
179902
73151
117642
135262
447017
241255
437414
582889
383453
287844
74363
601348
309671
140065
278443
232075
80446
96081
123564
123520
233619
188047
213699
203795
292827
418984
332240
275807
102409
228328
174698
235174
172715
214030
104783
231243
271429
233161
229479
355552
113226
317936
233113
80810
113961
80893
424142
82004
153120
157261
156215
77397
208803
126446
72349
500425
179528
186411
244007
222649
350092
286810
88991
270704
208028
64337
73806
264753
197530
115588
247742
139685
217409
110017
313888
293439
297085
84229
148436
238730
104038
71866
116310
265950
253426
341405
118689
189022
133828
238443
231352
285305
66200
81754
171912
86874
283210
220252
73686
76918
123141
2140083
141854
100287
154188
155076
107688
62392
500620
237506
106160
98638
106466
151687
276483
249378
86489
103926
222265
132504
180595
116468
282478
997316
268147
317087
376315
356363
346742
210936
72859
71650
282576
226433
57978
295466
97242
87094
133329
97108
237598
224010
80468
62008
243581
175885
66127
184501
233992
630173
75342
134645
318238
287167
89431
91494
241445
126152
327144
89665
323469
159360
181355
195797
247348
480248
119882
263450
483255
120050
317401
137940
200724
113740
62988
261571
430297
184914
356086
204621
207575
233218
296557
107163
245759
274261
285472
509941
188739
87048
97657
113701
177909
324171
271544
238495
250307
333530
108916
131681
134321
330264
112706
196663
87319
281457
115076
557478
121794
252195
630318
99127
580665
291685
265769
237001
310884
219870
111577
216514
134148
222970
228667
234290
618391
471191
111619
155610
198534
201444
213165
77806
103669
350089
197339
193197
70068
339409
303963
289934
135869
84829
169509
778365
345015
147342
90739
211015
146625
92964
76123
87929
276880
269346
219081
97436
241609
89780
88041
218416
269424
105912
231695
282570
198304
384398
208587
283387
171416
293109
122786
147010
127300
265822
331106
213078
190475
224618
146643
226968
74817
243771
158206
112273
234290
72715
476955
230293
64908
217908
81112
87927
157056
329805
198305
84400
220118
123614
69185
168001
67615
237136
108754
133201
245009
109359
181733
79063
238235
702386
230526
105016
279767
74927
879656
461219
116861
109369
175445
243397
112229
201758
217398
321624
284822
337107
93240
76469
218761
504141
320036
426703
143816
73624
325614
457427
226595
406024
107831
105341
146649
342615
85565
296763
202447
231962
144471
95342
271828
167869
197024
736310
143842
344966
117277
75264
675461
226987
221382
217759
277242
80690
277182
198684
64646
226666
83086
105554
235855
518433
288526
90088
236543
109167
284995
106665
107755
188084
338600
233412
2056652
120751
127440
90195
172231
276460
206653
95620
211440
336391
124215
237300
235890
158633
123727
302234
337789
337536
87494
254773
319513
324343
237226
108992
142487
222257
440939
165989
186670
289224
232936
101768
211734
158686
72213
116871
298450
303130
90769
64727
197378
428632
121359
328695
158510
317835
118377
231225
204516
340405
464663
88391
784396
111202
380431
230571
203896
142333
71904
201624
301815
96003
129622
280896
162606
108401
84002
53305
241612
323384
120837
223582
353753
2511299
115067
184087
139491
181654
259359
143516
93834
523784
224138
172619
635714
217822
166674
119042
66788
247085
89708
352241
141568
81614
107832
223159
232889
94594
136163
283476
267484
67269
284584
326888
209963
347917
109373
145498
329079
122456
275125
161105
262205
235306
103069
52739
104580
427000
122876
211496
207713
189354
217308
74282
340652
86107
130664
304282
283795
214224
383222
200403
326556
101321
304830
122487
247219
183528
292604
197683
110683
186142
159362
252777
122466
236100
209218
110886
136445
199038
133781
168227
110239
263177
108718
87356
111190
233939
161681
260924
246247
94348
375045
279586
275314
209389
228291
247962
274143
642377
116927
58684
459862
283360
575983
65484
214922
289445
71493
135660
179434
343395
79553
86225
108527
111008
179221
889680
207645
138530
102302
201854
97154
147975
276775
91915
235657
115248
176084
71869
691655
120839
316534
70125
240589
320683
98705
138921
210983
275239
201963
323663
87471
261435
246777
769349
108984
201908
181273
97104
241421
134902
181560
153616
326231
76228
121482
136824
318814
223534
139121
138879
106450
523157
147095
139600
88054
191413
115172
236576
62062
150493
198523
101301
184164
213665
232010
120988
190228
627860
224184
65257
179994
108607
191297
120692
733786
387607
282630
386774
84391
108381
194049
356715
232852
126290
251855
275694
58995
113917
119368
78579
985676
72249
217987
109786
397334
71844
274065
423907
289628
262898
96895
342139
304784
314722
117180
216726
284724
267884
92122
269203
191918
210866
237605
92686
103313
112313
247291
107028
261607
259744
211101
108756
97564
95071
183529
160654
200295
77699
173317
226419
89020
148685
65048
116991
176899
160452
303104
110721
206453
106771
209348
316058
93634
94817
104210
287294
99610
196997
2014695
141959
96069
209286
279306
210962
173704
65270
359137
64323
113951
128525
104883
60755
245244
120502
268554
79031
231367
277171
172726
211158
86835
362945
280694
75166
69653
254463
219556
164098
236713
110489
298361
329801
109645
244629
366072
70886
263677
327537
175723
96898
108312
193672
221958
264925
98018
221581
229194
160633
107215
88531
350613
187527
183291
281209
214710
260840
99024
173844
188203
270236
278095
238609
222765
165724
97824
482332
110587
195611
83884
204680
221336
131234
196996
176712
198845
64798
348844
347635
216299
105617
158718
67218
286220
191926
204975
628144
205146
188008
172655
382346
72033
104497
221776
105335
218332
252806
385767
380315
157463
122299
117393
350903
199535
312558
209106
163691
100464
161034
88033
194234
263756
100456
260847
472140
101903
280314
262877
122620
117017
215310
107288
159339
221502
162879
202664
99067
122156
192119
107763
159140
311996
100957
328780
91633
107016
155707
172112
336711
448753
104836
422482
302866
274005
180815
318400
373731
626641
91678
312728
261037
105738
72879
72543
318569
74642
243483
92559
173108
217210
109301
126684
222867
272486
54871
317839
123479
268735
261687
2109436
174273
115139
236158
180677
87016
132125
278394
150497
2514671
214346
162150
121188
459348
218530
194062
139483
111218
537288
73543
233325
111416
295675
129316
182839
66266
212826
1820657
75075
161072
228822
83456
236309
2689164
286779
99753
74602
203352
189500
84062
231927
120231
85233
78302
265314
457335
190547
96229
146809
175605
210001
254745
601697
108504
187212
113556
179956
268410
196573
258684
199929
248389
332091
161523
161378
566772
666823
175000
186410
338694
222641
99477
118911
220743
228470
72272
241993
130188
100341
86275
474945
1664749
256590
301714
292308
183921
228281
592512
212997
251159
218894
336849
270017
103080
297428
238859
78406
192057
93320
278838
232105
151122
122489
124249
339858
267795
161302
836191
270351
283138
171474
230083
149169
128039
79726
184512
221409
399861
432235
94672
91496
436734
236643
129667
188038
522254
86785
210007
208598
173823
218413
198092
356367
206190
98914
204966
634390
198171
77496
173503
375976
250493
58616
329532
217720
290055
231232
79955
67860
197442
198885
128980
378293
254918
95043
109573
330768
375127
420571
92546
133535
162472
134947
101333
132535
74308
159466
261660
229648
118212
217637
386289
480638
114153
252404
340548
200513
115438
457311
2346779
159701
819427
198567
169701
141457
271539
95906
283384
264681
231084
76210
67272
96702
320096
353075
305986
109112
129223
271347
413074
274210
76889
261587
393852
157946
125471
183753
107263
85066
79059
242092
221165
296857
328601
116952
68867
104790
86139
88361
343682
114556
106972
331984
331883
193695
226411
357972
279657
453220
538370
762595
18446744072709871460
165604
184021
180909
289403
325349
124860
227806
294948
79371
92232
158028
187774
293598
2123822
145756
88102
68866
96877
196335
108530
302252
201300
149330
240946
581096
129943
71253
370993
158292
129527
221517
278692
63382
327873
67832
217856
73576
273259
60367
214091
160197
99478
357781
165906
107004
198465
373591
89329
104305
81222
78370
515028
280693
585234
107710
1765790
132910
216999
303537
185518
247152
160926
86573
58016
299284
193862
88973
112764
235994
199859
192795
115069
275595
280792
231338
488593
185212
318207
229886
230522
274204
506052
231810
318805
600846
272544
94155
219550
190102
131539
121522
435477
320955
414188
228440
145277
55254
219841
102303
227758
211712
75076
235287
310868
160920
59777
95924
148480
190615
143103
344610
184807
372040
408085
105852
227337
83014
118564
280832
82917
176535
236841
217245
288665
160754
237529
313733
57350
148558
209205
530654
208756
136010
307587
113994
103235
270652
648888
98360
307095
421907
90185
192222
191852
353450
90672
234333
158765
175524
337367
246119
239334
75710
95465
165043
142441
302596
419692
325124
151191
275223
296003
238751
319260
104413
198604
179098
262403
290335
186420
176375
591645
255241
318513
54402
272264
502079
144485
282138
264824
109185
111047
296752
163785
190858
72684
206341
185509
116185
253787
351559
326333
98473
594611
216814
322066
380943
281795
202602
188183
194866
160608
195773
332259
243341
171571
255632
645308
267283
53143
329271
84495
289252
89897
106042
132534
152839
217949
169490
226028
225123
684243
249087
114091
162965
218100
235790
244513
118711
101044
429057
202711
122787
91439
339789
56707
288113
201703
297030
110749
71794
225969
331271
154422
115214
89317
124651
213887
572154
418785
103843
417452
264235
214343
67543
216633
242396
364288
120710
67384
382704
227791
266541
335214
65175
265358
287701
177248
311039
296524
102600
117146
206623
821199
129203
186986
594340
207221
108767
217216
99389
179600
361607
1725494
213448
353152
814656
104927
254692
831899
276501
559295
141766
224280
282666
246073
214433
513840
273518
223766
242843
272382
391417
579580
219162
197641
283118
75952
211096
283118
225030
193435
331089
110325
321495
301586
240110
232397
267103
1664418
188042
104150
210392
107720
142123
240130
237668
201257
96319
87330
269192
167396
124155
176667
120752
411279
84524
267163
170430
103483
186688
168392
259736
233441
162358
88462
217421
55743
207187
91045
260067
501890
85872
246097
83395
256616
71871
367184
91632
228863
193253
85458
214792
298316
181107
221072
170924
138569
123078
496643
353393
139349
302669
506173
273856
186374
97082
257228
309800
950671
123184
199017
108894
83679
441652
125343
249769
146327
83658
72844
388452
274760
262832
474988
288967
332818
65581
99234
108785
98998
237597
1640238
218644
229221
805160
149149
226314
96444
98463
398132
205189
111720
146644
404020
216535
157592
995024
1996249
284537
71722
287028
568723
696096
136473
111197
454874
249022
83394
102731
194578
261314
326911
108232
420924
99094
309094
303646
95850
65360
182527
132757
326742
308970
73054
154895
146392
607360
396698
199315
218136
72252
326137
221424
245550
139417
197889
117096
287279
217002
276867
386372
286639
99600
75982
220225
77443
94246
69358
253801
107316
108012
85835
258176
118969
103831
71975
740028
206608
272377
1954761
83332
227985
409602
194940
326342
84780
220442
190197
97434
226373
244216
449787
191755
232195
323290
150291
437272
151768
298182
184352
205979
284988
115957
110641
493158
208992
228329
350585
324468
207778
256170
125969
305447
297193
152659
242763
243671
163546
91217
224763
77991
1053366
270934
57774
194371
181715
123041
159845
357177
95995
108769
282506
85472
226911
217788
196288
296624
284409
554895
174745
118089
74660
114076
240949
113243
133140
216442
261949
118618
217828
288589
264046
74462
196558
112242
99207
195409
71985
277408
222170
83057
178367
209844
208215
235955
73813
270907
182853
253392
107807
180850
333257
235725
211592
321300
66441
324897
177312
135941
153574
95161
109182
171348
327856
647837
299059
242270
246210
333894
177875
1119474
116005
212181
151898
272649
126618
120529
170762
278893
108999
199178
97299
98220
66129
120403
229599
250026
152938
533955
205629
233192
250790
80433
276874
211875
217255
245556
88712
116135
107651
340070
215933
111889
200323
110171
182064
126608
345248
167627
878636
217508
292876
139265
284361
1110136
200031
264538
203637
101182
214659
487449
285937
211998
71961
282244
145978
266493
306130
435177
433162
275298
69484
162860
270632
125012
94963
203428
501670
79112
239175
76455
76834
160824
263240
77739
560546
282817
107677
94507
317485
257715
182113
173110
63699
97384
191122
205677
586063
233620
91688
442042
315895
118288
688116
117364
91264
323527
220539
73699
67641
213884
188739
212320
71879
270987
97461
124987
82376
89143
615038
150202
209534
223661
459947
144449
1855519
214596
213246
187100
419017
230608
222486
234546
439349
142329
252295
112921
320997
285849
78197
111944
229654
300630
361822
271033
134329
325918
209488
84433
1757935
220801
92339
255283
97012
187434
183801
212807
646498
268164
251063
345454
538717
292385
69929
73347
114892
207900
477651
335149
378465
308110
90400
66823
69140
323015
359132
349781
410994
282129
263615
51382
249796
112605
138361
182696
117492
249121
186037
110935
206143
316389
206866
88611
345776
100036
108421
186048
91953
272626
110403
79837
477089
60496
213168
80144
61939
322005
77009
1706776
512437
611816
92716
186475
227059
76861
2240753
119100
194338
280759
311686
320354
472992
230992
119994
55571
305406
56925
87135
359619
524111
151211
232582
251755
74763
101505
993767
193452
153870
184716
61048
406188
100139
199633
165202
112369
114904
108777
110361
186414
400991
135054
295022
237403
253652
84277
290457
320457
254398
221508
222754
155574
201433
104288
761855
431996
805319
218289
98224
81557
232184
583034
110847
235539
194459
134901
286662
119827
186950
266698
157984
273036
178982
106891
152347
213146
251569
73257
74590
246599
75539
338632
61310
51420
328672
239665
469059
102171
222691
184142
78887
122608
60201
121971
406224
100723
112576
170553
181658
119479
125421
328205
191585
419701
99085
544222
248119
358540
146066
220690
215007
192090
101819
539053
114512
233004
353813
238445
325439
81234
391534
258599
70239
203108
92340
308180
132824
221312
118843
217471
421122
345508
743343
161554
201641
184894
108980
91842
190370
264806
323752
270350
88694
75310
116990
350587
262585
116466
69439
243263
244756
409811
234763
242585
144994
177797
422773
267919
90328
117820
187823
377615
56549
89104
211462
281035
258063
211235
196576
219723
316471
344250
2932427
325989
103369
95578
122298
217562
386111
64944
241935
85590
260946
269573
165499
288814
99603
258556
256892
234346
101216
123832
280299
270118
86236
83082
140186
159176
420500
300301
193300
376856
122643
200714
161294
92668
81951
174650
292909
339038
211638
203187
200198
154031
85920
260398
243950
274750
123400
168270
81313
71333
297287
758474
61401
360332
238642
590722
306544
106173
375136
497015
253486
147068
210994
91384
90938
122147
271298
109349
103968
221282
180494
190301
90300
208427
2125512
89293
77407
89169
87430
290392
56743
117835
319556
119923
315462
182538
173532
225430
371720
226081
279194
212461
313223
232791
254378
93536
208128
250453
222533
320814
245041
75520
232801
169802
420870
872321
188537
269943
169480
205460
286213
89580
508855
268473
101213
414010
57595
217480
171172
310605
181210
165305
2153642
158856
177055
181351
70296
241101
114234
162564
93394
467787
572180
89581
192164
194226
332202
244972
289038
237773
235222
315598
111397
97137
188358
133489
87401
244615
186627
270777
531785
296103
449319
56807
206971
221930
83535
178906
147873
226806
211951
82405
373057
204746
182946
219265
265426
392786
262914
123600
230812
195747
490002
70464
356420
225418
472306
108444
371881
76398
386615
86626
348336
189665
226767
116433
118693
73128
106359
224811
256529
70052
146753
113647
273629
275157
120436
212198
109757
131064
374217
355401
189957
231824
120987
158292
353009
224344
237911
167400
249260
148607
2321795
274958
199207
340162
168887
282348
413365
620672
117549
2058328
113036
183222
100608
84473
279166
357059
309956
188501
85209
250656
617922
223217
350784
396382
232886
279852
189581
168787
87372
195901
397589
290208
600232
281180
134870
126160
544938
121183
97081
101534
81839
213642
2421201
78492
240772
2173355
342057
80833
184532
247261
91731
234108
180076
64325
111377
167673
230459
86675
68359
263585
731871
135302
70665
545733
460356
225712
268422
225903
307691
97546
1781506
122442
85946
218206
254739
245939
384124
434847
301534
332476
237335
141964
120028
83471
265203
204012
420379
196150
225399
218846
96598
131765
192553
260075
109931
69795
187667
289033
125537
96962
207978
91973
115905
264994
115419
263935
185918
158012
605890
201574
83940
63218
121222
202516
74687
69734
88276
225964
196131
155866
276516
330992
276897
258947
111642
115613
309463
472305
135707
275397
85715
232354
184823
255302
85289
273202
236795
222983
60315
317421
328357
85655
194401
197885
237474
75630
69061
92627
368118
108277
538073
223028
300606
641936
91952
138265
329811
77668
117002
277108
283135
221973
399230
112585
148862
285355
225771
142308
70190
179490
72084
108933
205728
224210
380715
117927
87060
134698
172675
67589
316179
146158
148687
194728
294669
102610
119415
114258
159158
96268
90771
320076
244001
273829
313476
200029
236200
147317
407115
379852
107708
105724
245794
90900
444380
117010
167342
228870
97645
67470
776808
95117
108757
251355
962238
193558
264328
297392
215274
124983
227212
100458
616903
84680
178838
281709
173825
215119
193705
107471
109004
75374
322493
60039
259626
86242
117096
99061
255792
76533
148205
104839
82415
199654
76884
527573
123778
101968
209037
360589
83683
134634
71308
127036
119061
113948
100168
225449
109304
291235
534340
181035
184161
251149
286154
461585
130944
169446
205216
290697
180541
303417
219216
81201
304403
113966
266826
165675
338600
183430
173989
373738
76807
213861
67194
633612
99746
235190
119802
1989766
287491
309828
100024
266771
111877
234714
233924
195277
63610
216983
114425
66185
198215
461170
230749
316010
70637
423248
210043
287419
121614
310159
260047
353519
221411
278629
74382
172139
195768
181001
90780
102280
197265
88934
2102875
167653
525168
110063
130988
127239
271882
186087
91284
279540
69518
195934
81154
454415
277886
145658
293182
238853
68689
267465
144499
128363
552124
110204
197546
184712
88671
303741
279690
276239
382949
97326
186759
214188
278963
275698
294687
203231
1832160
189969
142865
68841
271259
199912
277411
537295
232123
224913
809522
289000
186708
227296
244399
257878
100614
339446
64704
73638
194451
289350
148463
80932
610094
228136
262392
141788
277592
143419
222162
90519
187995
67488
876692
171117
320889
167451
496493
123724
103014
110549
226304
92874
96016
254287
109905
222956
301038
271427
817043
78038
179387
245805
262050
311780
127750
315278
309507
183562
228435
212337
93154
107256
100512
90219
233082
89250
172929
100629
259708
196113
387192
318272
333989
219980
58986
307471
601766
187574
432756
217539
265877
154026
170908
272941
400067
219278
140460
205781
64566
336787
763420
325721
101150
333705
196868
316368
100975
88025
246005
322030
203063
194018
270768
951184
868620
186116
65530
216921
255707
104706
277202
787692
140585
88051
180908
96219
316568
202334
254900
200134
86783
62642
105627
108628
259439
272199
251995
171172
723152
82139
236240
279853
255591
104326
161874
97435
142711
103705
409637
71275
366631
125336
333082
76303
312483
813331
117025
185178
70466
224155
170834
150331
195370
111352
86188
65707
51781
183201
74168
2404162
215140
220006
201205
1990838
108342
62701
103489
222602
2110584
116878
237742
244191
452502
327074
208552
530264
118391
193279
128313
2057175
121267
123613
179290
63461
536015
238620
65572
66847
85092
154315
174645
270228
112777
89981
94915
270950
333865
223100
101253
175891
81075
75138
143867
226567
94866
180576
328134
163104
120900
579898
61858
103528
120500
245183
108744
206674
99834
361720
80809
72851
182949
276119
393865
232729
122655
428870
365400
193367
94128
179010
201093
57203
212602
227230
147641
98503
565438
2329837
522433
231790
129222
89686
248280
278229
189751
102844
476033
117325
125021
226127
245616
229969
100945
249857
112843
543991
194687
269582
70987
101178
267023
76977
1841729
82748
93656
66532
195090
154621
136653
77456
106684
216374
294352
99457
229053
492337
97915
93105
309432
214704
46655
276024
302017
187681
320280
184098
309687
269775
94291
423435
169950
625203
251587
237540
118705
87579
130257
223972
566988
96275
850575
320758
215525
82114
270504
98080
108391
344950
109596
379451
138375
282831
599099
289512
96383
94084
103606
135038
74453
453749
405956
88677
152991
1155394
59138
307152
140902
120730
174012
394930
258562
262457
154547
1298252
233571
294894
128112
87745
642983
331227
184051
277046
218583
207586
102820
176279
160163
225916
91873
378585
240194
95024
396234
107867
318679
390437
184176
357119
90478
220539
112527
97454
212353
97911
211916
504802
222747
494739
224383
258186
123827
518400
204697
232607
266522
199088
246241
261891
215616
379492
131876
356568
264816
281808
227368
239593
112897
89846
342226
88486
530224
191042
184882
87579
120453
213543
616481
120116
106947
106374
175050
123103
250933
290760
143209
239692
251840
352896
107212
122345
79769
342547
189457
155433
71202
493859
337885
228638
98777
340755
104589
203009
223684
74165
71541
108475
704231
96773
99219
162960
176419
89500
210344
2029780
92468
265805
220420
226048
569988
209562
198515
199558
762419
82310
231544
298747
215896
191202
207761
219568
339734
472537
314346
277249
68973
263171
247721
246482
159097
208947
124419
111797
293657
204435
94469
1968835
158757
182778
220062
308968
243353
309684
85431
105659
274826
191238
269840
102136
260293
132610
242802
304819
166291
119814
192755
291121
511482
161946
103901
106376
74331
179941
283816
108044
266081
102662
268827
180656
170846
95831
298348
114549
526379
223361
62892
164835
335835
300022
107728
104316
66556
521874
249709
113625
95641
269648
109668
117936
245170
154628
303999
99034
137160
70291
392516
328493
91872
301364
290228
180596
223771
86714
96086
969657
69250
197391
211864
79177
774825
57174
218195
92975
108586
306602
661742
119246
308020
221151
112307
300050
182989
140187
224488
487728
274401
227954
114677
190419
117955
255916
262893
353689
200843
372433
83796
180220
216751
70686
107107
103531
322284
243478
231506
311313
284360
437730
264102
340335
249961
89015
202281
184953
495021
120816
114004
62717
140320
112106
80713
109786
319035
231676
320530
281551
75859
314553
219192
222518
196240
239766
216647
479614
109892
78588
98380
129947
106773
191613
296436
119088
780901
56408
263649
237810
454704
66476
205561
434677
164787
2082688
115770
87832
89453
256320
105717
110625
469103
315009
225865
285515
218187
180460
238326
214084
260402
655448
204770
200660
231523
282291
76381
306863
250522
337528
186776
178170
300727
75299
288319
340051
207020
169274
119372
110280
78828
90526
186031
266474
68564
262062
130101
873229
110273
80561
130649
187072
232493
313033
238434
706880
456475
266773
684082
112465
106235
93863
119333
294095
165349
270337
187932
67482
631463
61562
272127
306475
102078
236075
151760
191842
68560
291191
284059
87498
96343
458216
164115
142183
268944
185672
213353
229228
188640
233832
479885
301329
96258
146222
67577
100307
258678
672879
92751
157701
65448
206432
192783
178378
302488
283249
163176
120750
194671
318539
209677
209279
248479
495451
180839
190878
404502
230306
288682
80402
178071
184323
204231
221883
300687
229670
155669
181157
99877
152735
185720
354251
496831
90443
843060
371895
281884
225263
245843
73179
74222
137924
173996
275184
645408
115451
166373
90215
201074
257818
222768
110766
154425
891134
360645
165818
541085
661070
316411
228488
87110
460012
337458
273533
210189
689390
315299
212643
203637
103344
95452
386440
1853954
140570
782487
347008
113362
491569
58156
144499
116678
285400
124300
220904
226395
65979
166690
110568
186224
92149
246991
63858
57699
192708
369213
277079
222525
92676
90613
225941
170702
929124
203142
164433
220404
703844
94907
67772
175406
237068
189292
151501
108254
408179
724273
317630
280991
184857
188355
270794
83975
127891
96329
367153
110951
270304
344154
121037
101130
343017
99393
514390
555119
96732
767575
128944
179779
231888
193454
489764
248181
617644
96387
215559
210920
103898
647706
174991
56917
260424
103312
109682
163131
200691
408760
402888
109693
74379
317605
440379
93374
205424
176009
189044
338952
224458
216574
115942
153762
391723
91215
265267
340948
280637
283421
87525
93097
214790
86169
360432
214796
416538
132741
588088
349742
207692
604895
166998
106384
103603
111401
149323
186868
102865
195700
235260
83066
353636
209780
499803
283092
281474
356891
118282
72544
64281
151050
187894
251181
648453
77787
334153
333315
215410
630449
104942
275663
218125
272285
94527
198915
335716
103802
201638
230215
250455
67307
61414
240299
189400
109039
101186
771566
110833
86265
218791
211402
88415
193813
75253
124085
77424
322665
247321
561747
270447
244836
359006
91577
114035
92174
67714
127797
217700
109499
113658
341978
313807
255453
111041
128273
107798
270855
285635
212015
236365
370240
628495
98435
202779
219286
331377
307356
199511
158291
368002
180367
193237
585861
232280
104474
161906
85303
239407
285005
123606
703875
197123
199094
1712361
76685
150551
89089
74022
292933
641208
234903
107278
175698
603470
319755
342694
279976
205350
206670
227896
70812
107882
220645
235658
152746
2058379
207819
84778
306609
267310
217571
99505
189958
116764
366017
143833
208031
337427
151047
96904
282489
102022
189958
280178
2371075
389939
201111
265510
1918775
389627
59448
1564642
249980
66670
1530261
181860
97976
96590
262654
2659721
273063
292439
348882
190096
166818
219394
156327
93168
195852
104766
221675
526148
304012
75084
240548
174595
280051
370741
219257
206646
284069
55978
878432
317240
601234
128741
231171
175160
241718
120660
321439
230724
456517
109024
1955098
283170
66523
234872
481576
92619
325553
114393
730643
190542
266821
120647
638653
203012
251135
105798
262525
123905
182534
83074
403089
222390
285302
113618
101027
220984
388498
340927
64561
91911
432922
665192
190344
146010
75731
442273
241802
91508
276528
252833
1547578
213810
663518
107099
95537
405810
283277
70903
439422
217314
285482
282623
231336
266963
100223
96232
209520
349639
89969
79917
308100
190082
465944
250412
193687
166255
270531
202052
379480
99219
109456
107899
249704
244731
629142
181984
57612
111018
311912
540029
87686
195171
85467
243333
236635
62215
184472
78608
316075
305515
202746
161798
161349
205575
218462
112134
204473
208480
464548
239145
300447
82679
166465
376792
104358
315862
337093
167239
279919
169072
2219765
337825
104980
243152
285447
962857
166697
100543
174741
266511
198156
204852
177211
128744
236238
297714
278191
90638
73562
336473
489512
315909
94170
192193
218491
173542
159128
96793
201415
191156
55061
244105
299797
861666
214984
225332
279487
422602
213319
82853
328283
866221
288373
107150
96154
106784
209156
176206
365068
1690383
229100
144955
101370
211582
295585
112244
1175427
408682
89942
95381
203853
256201
276279
116797
104308
321169
233963
281333
240258
189471
413590
622298
281397
312197
170928
371519
296892
386833
275533
191482
244626
109808
259628
102177
406011
348791
78709
192065
275167
79073
258594
230326
123067
292871
150484
368878
95585
107199
172093
511856
134520
240339
126603
176902
232136
595354
211399
1961955
277255
87025
203150
213501
170981
279418
351562
277679
285716
197051
80945
82388
414198
329273
776846
69225
301215
275698
117315
394675
95772
71287
124921
180697
180250
200498
69931
173464
223404
71374
568475
74071
87886
335758
215729
325881
225357
245995
90196
351342
400214
126793
403558
173508
206341
250027
109582
292790
511819
104321
249091
252809
236557
100242
115936
388321
339369
254486
224284
312158
195319
87166
105722
142498
321658
58146
119919
62700
405360
253733
410443
233700
282808
307769
103005
103780
225401
257338
419119
69478
97124
206751
163341
232683
140076
455763
90949
214318
342209
318547
234547
188102
249617
177459
47300
79644
153976
68115
196212
329494
258497
91933
208967
208021
186706
317171
259678
240443
173308
179147
240267
76844
241698
334688
158243
312947
81071
217645
65315
223602
551110
181175
337624
222259
294205
250322
136887
215001
255836
346114
123147
65233
79387
168999
87622
117981
123061
505382
193216
131813
354538
191576
204056
62958
221291
839043
179260
443876
174405
357237
182132
195197
217673
72336
98498
219408
241511
169467
333614
84312
222646
108371
174297
269005
105515
132467
274123
208432
309370
220610
222246
198885
224243
365603
185876
266607
76423
181578
98157
100178
225997
298209
99717
216795
108653
324303
227622
282879
392432
207685
332470
121205
258818
118029
186386
137968
704332
214110
77254
178720
288237
235552
128823
204353
192071
876159
119320
107838
376098
103143
90563
68011
288889
277114
91565
73181
77595
613492
578675
64643
225487
83435
240274
277594
335495
113146
277902
293456
187420
310109
97371
695612
149995
148719
289173
260938
509778
341846
213046
244775
453318
128703
255836
305491
73850
341236
145896
182009
1368270
205673
297848
132754
59445
275611
175180
148524
116125
154347
336556
182794
429502
336236
68666
216551
166990
277341
174183
260712
694293
221884
63886
445041
268232
252474
66359
77893
193101
218653
260365
351766
396107
245545
203322
709053
255987
229579
73701
726579
148878
217366
436481
333533
99741
209781
106395
198405
311125
129322
277378
123547
264141
216942
152413
1832357
130886
154398
61263
60822
211306
73531
85220
217297
69996
80073
97345
113598
71375
113693
222099
98433
123521
293088
232859
477192
213271
214424
248908
88869
96925
247118
615538
295870
258940
225371
274309
