904
588
886
891
1742
694
841
816
924
902
847
591
933
778
613
994
999
686
2000
1007
779
431
801
784
418
568
774
646
897
776
619
865
756
813
1694
636
706
806
978
650
879
1076
947
901
500
690
937
846
1042
1175
696
1053
786
677
796
983
1099
1073
586
1030
989
529
736
917
1954
769
949
595
848
585
495
556
861
593
753
934
773
769
986
960
784
837
1008
973
900
756
899
517
1073
620
830
785
989
2437
1691
1058
886
713
641
922
495
698
800
696
805
1132
651
574
805
591
572
763
739
487
1346
505
835
780
670
1171
1092
902
803
593
1667
1013
952
889
834
730
461
871
996
693
557
556
969
720
824
555
1853
795
1199
1020
998
715
1044
1012
784
572
753
846
1243
903
1887
705
950
1135
970
895
602
685
929
405
850
938
868
883
678
476
1104
797
686
768
1081
988
878
611
918
914
797
773
554
718
1852
991
852
754
882
1050
2778
794
520
837
950
733
593
648
939
970
1875
661
762
896
833
651
637
804
877
841
950
642
1107
496
825
779
1605
709
794
934
838
453
690
1058
506
814
497
754
491
674
864
734
1840
800
958
1108
1067
582
1045
925
816
1015
753
602
420
635
852
850
1720
787
871
652
878
502
1217
1035
1573
990
686
830
1162
530
1012
631
1851
998
836
983
589
888
1228
393
430
1147
1135
857
839
959
987
764
1816
543
543
712
744
899
671
750
848
863
1031
672
913
919
594
584
1792
730
801
1287
794
845
808
735
1051
581
808
739
1040
702
979
901
1935
715
983
934
666
741
532
838
674
974
671
609
787
617
847
831
1833
494
877
779
477
983
777
775
781
833
798
747
1021
1041
1379
780
1625
566
543
972
630
636
639
694
1254
777
2543
1114
672
895
833
988
1697
666
1375
802
952
666
835
727
855
741
727
571
869
820
1155
795
1831
776
978
952
513
689
1020
1288
858
1801
723
1002
672
755
979
1273
1875
813
1185
300
493
437
804
691
975
858
431
1047
610
709
625
657
547
718
782
751
611
1912
604
1009
816
618
880
891
1184
1333
1270
1024
573
798
877
838
795
785
1311
1379
619
596
1585
739
964
1022
713
1240
941
915
915
1113
813
655
817
1122
1069
875
982
1818
764
520
867
1558
647
809
990
657
845
550
544
761
601
912
825
884
863
593
971
728
1057
666
725
683
2000
634
1125
779
869
713
665
1096
1382
1066
1167
824
443
526
799
924
843
753
1094
1031
676
1572
745
635
511
1260
687
832
470
668
971
836
1020
819
749
633
923
1379
784
820
690
734
1693
667
935
797
609
997
1125
1000
354
826
884
781
1143
1092
656
1147
810
954
675
701
745
1785
902
976
530
797
584
775
704
788
668
1000
525
996
753
800
852
812
671
536
1070
728
2000
892
739
794
1229
856
1046
1011
725
650
740
956
897
890
665
911
701
887
961
760
806
1763
746
595
849
1027
665
910
810
716
484
613
874
1139
593
429
794
628
565
784
588
903
1682
960
839
574
711
775
918
918
482
982
765
417
810
950
702
616
846
428
879
894
876
1685
1144
788
720
857
717
575
566
623
746
547
939
750
681
648
947
1019
488
987
775
977
882
990
440
734
740
661
845
546
794
917
694
446
681
625
716
1579
1008
630
674
1206
972
1000
1193
1242
606
617
561
905
738
1231
746
485
697
776
498
810
900
580
790
1851
732
936
835
583
685
1378
645
1322
995
849
942
2024
673
831
549
885
752
971
690
865
649
809
794
1294
630
1042
1258
825
707
839
880
991
936
844
704
784
677
874
817
1019
917
693
914
811
667
853
911
2043
543
718
1057
857
827
1091
842
615
751
690
1921
701
878
1036
827
970
678
26425
851
1083
592
1021
743
741
853
1228
705
823
1077
581
727
1042
1077
937
911
1961
587
589
731
758
591
828
695
1206
822
958
993
1261
769
1040
858
726
723
965
752
1044
850
479
708
485
1020
955
723
1095
410
690
877
1171
433
1006
764
1852
658
799
1100
718
1061
1008
973
825
864
914
1393
587
583
844
945
877
1237
803
915
1009
2218
541
743
674
658
860
585
821
858
1261
729
656
599
724
950
1816
540
875
540
929
916
900
843
1065
857
787
690
664
748
788
594
924
945
908
1216
812
796
746
619
791
689
785
1314
515
824
894
473
1487
797
999
1776
1818
1071
932
1103
815
667
931
604
891
636
570
806
762
647
746
670
948
937
795
1086
523
659
764
2246
1051
704
661
620
767
721
2835
1116
1239
810
1223
1833
755
566
556
679
524
680
824
634
925
564
948
713
979
574
949
771
783
870
939
602
953
412
602
527
889
605
983
564
736
692
563
516
802
1056
1671
1000
656
2143
650
573
701
850
1162
954
710
998
690
994
661
959
720
790
1235
838
1219
818
847
875
565
721
947
1145
909
1104
796
663
1398
508
516
1941
620
772
815
802
887
684
616
761
590
525
705
698
857
977
646
733
726
773
757
427
759
885
986
663
1097
1087
705
738
633
811
523
660
1146
1203
1537
1023
2154
573
961
682
445
625
661
889
1880
898
1024
831
655
816
1077
679
745
743
819
619
593
811
752
693
863
906
595
607
659
902
755
1016
1194
1645
1133
598
636
891
666
804
665
953
682
1069
717
984
1118
560
699
1000
895
923
962
737
609
845
767
738
920
1080
845
759
1019
898
692
825
727
518
1842
493
579
486
657
712
914
741
855
649
1056
954
768
896
847
878
663
813
1127
1007
887
900
931
747
1120
1184
1009
659
1746
893
840
985
575
797
1022
738
695
817
725
1219
745
669
825
573
864
641
730
1003
623
711
762
598
620
1235
746
590
1947
779
715
820
843
2642
810
799
818
1060
1017
907
627
766
978
1410
741
537
893
916
1307
706
809
715
908
922
1159
1003
1823
841
559
648
558
862
647
858
818
646
910
910
1099
814
709
814
787
997
653
464
806
719
1064
2375
1460
882
935
557
1684
852
464
985
764
926
836
1306
1186
763
984
1042
506
703
698
1151
615
657
689
902
859
698
841
516
990
927
971
1064
1788
592
1013
1062
709
594
589
666
947
733
630
1008
916
730
913
832
805
1733
543
807
629
634
547
727
944
570
992
577
1866
914
825
618
853
747
673
794
1143
904
700
859
646
1087
671
831
865
694
1088
883
1110
735
633
553
745
993
934
649
1783
952
741
557
734
628
743
671
1025
663
647
2373
937
892
728
399
867
887
1117
658
997
2362
778
713
651
729
884
651
1838
1030
1004
929
771
825
2042
952
1010
913
507
757
1077
567
997
1070
549
521
880
569
622
1194
611
852
948
831
722
1255
752
692
786
612
1016
732
970
917
815
1533
1292
828
591
1231
705
620
794
976
1060
833
903
688
488
879
1036
862
863
706
643
851
1030
451
819
649
526
714
787
677
627
615
911
665
785
516
691
666
1838
677
546
768
549
687
646
541
845
1770
491
830
1276
983
757
835
638
715
927
809
620
760
899
937
1356
959
848
1195
981
612
831
894
786
1012
1010
766
697
1879
1036
1128
646
695
634
830
939
657
808
818
871
853
637
672
715
609
417
1208
902
693
909
735
846
905
908
1313
594
453
948
876
675
797
693
885
939
583
1726
835
1091
750
636
673
2180
524
487
814
1583
834
702
981
662
1123
799
550
924
885
553
636
750
848
597
934
765
762
759
681
635
893
899
1128
689
841
1174
2075
936
1087
1134
899
608
789
810
610
620
745
869
592
514
1049
743
814
449
827
593
740
657
667
709
619
451
934
854
834
551
824
763
744
1099
464
840
690
2020
996
1777
667
808
611
1083
814
873
611
1047
876
613
1131
536
570
687
657
766
731
806
1113
676
898
654
1087
687
831
1011
762
708
972
680
806
907
1119
1119
1884
1404
1328
908
620
692
749
767
818
422
674
578
992
1074
556
644
916
448
589
871
651
649
1581
994
699
1046
848
715
622
911
841
724
745
822
746
639
934
1805
893
1197
1120
718
640
763
497
1250
1003
635
742
983
839
1250
1578
831
1178
813
898
742
906
795
868
805
992
842
1570
2483
758
1193
668
611
757
571
1228
715
1779
847
714
1101
710
785
975
672
1072
1068
1424
1068
887
888
1581
985
922
849
843
877
791
1107
719
603
848
578
803
802
634
837
727
1146
991
614
637
772
1404
1758
671
948
815
884
588
803
760
620
737
586
501
524
911
747
669
686
1058
790
1135
745
833
650
506
688
895
1011
653
645
717
640
678
852
1164
577
955
974
1833
2396
1109
583
2833
824
839
676
780
794
813
1014
1050
1160
774
587
1036
801
866
964
731
834
650
746
797
1875
776
643
592
785
615
922
871
615
794
541
923
1700
1059
1041
589
705
974
2033
630
762
616
676
1278
1287
830
765
763
641
799
693
760
728
869
737
949
521
1311
681
676
807
556
641
804
676
1218
1109
1539
894
1727
837
685
943
1031
1002
628
873
935
663
642
725
1022
804
663
575
700
859
700
747
817
913
953
728
1027
481
842
716
1715
677
561
1299
1194
659
632
852
1076
2259
912
811
872
876
834
686
926
866
667
939
849
831
718
617
701
828
890
852
1583
840
619
687
310
568
689
969
713
987
703
595
749
535
537
709
657
712
799
853
916
794
800
663
678
568
771
672
1726
736
1420
717
1324
1048
810
719
940
737
817
1224
917
554
722
907
684
571
640
1192
793
975
1034
1337
617
808
746
817
1954
626
967
643
833
1236
503
592
732
783
33161
883
501
896
637
892
1111
500
1207
853
552
675
992
724
357
925
630
692
1750
692
528
1286
931
803
748
763
976
653
809
720
875
2079
552
1228
909
893
638
518
891
653
580
1016
719
719
711
932
1588
1047
722
692
786
518
603
738
946
1137
853
683
1057
429
763
956
771
581
642
1746
605
495
519
1041
634
937
864
734
1792
1151
642
1218
742
553
954
654
599
782
652
648
2663
979
581
744
1191
1041
875
815
636
822
963
779
920
877
855
730
1732
1297
862
692
625
570
929
551
937
607
834
780
656
590
915
658
886
1014
842
804
747
686
1836
930
784
477
860
812
479
837
867
778
955
814
895
668
898
1011
691
2314
366
785
1224
1142
1838
708
893
803
834
858
783
576
466
705
891
420
727
840
639
716
1040
935
789
957
683
851
1737
738
1145
809
1729
1338
902
1181
1252
845
582
870
1020
1142
24734
1206
2015
928
1899
992
704
654
1465
926
1068
931
818
611
649
799
569
808
685
654
822
626
824
637
1178
763
892
1072
570
718
2046
985
846
777
930
941
1327
1250
1084
1005
917
884
910
598
953
668
937
645
834
838
968
654
1611
610
957
923
701
1913
510
854
887
875
482
758
1020
924
591
675
748
729
764
554
633
821
1814
635
624
703
878
651
751
1120
646
636
908
848
902
659
627
825
804
776
734
745
839
907
1649
1422
1131
864
880
429
913
593
956
849
348
965
850
1165
975
882
588
831
783
749
2098
583
1859
626
665
984
968
869
394
787
1071
514
740
623
1092
805
954
934
602
991
975
1000
979
1783
1717
721
610
799
609
770
1012
724
679
886
1108
763
668
647
681
655
894
1724
606
969
697
968
704
670
933
1588
813
722
599
866
959
683
857
792
2052
718
842
759
863
709
795
955
956
893
702
839
648
982
542
773
2303
1863
936
896
967
966
671
728
835
821
969
865
892
832
909
977
2092
1274
1833
667
1164
608
773
828
900
474
814
697
909
820
1064
768
524
838
1183
1644
564
1456
886
722
678
822
1062
663
572
632
684
656
1015
768
1026
1131
1645
646
973
609
960
831
518
726
1023
447
629
731
1024
901
824
497
806
1608
656
641
920
357
570
794
596
802
591
790
705
753
766
732
789
531
1603
890
818
1227
465
705
602
475
1191
756
2399
683
860
842
939
1067
590
1735
880
1765
754
778
597
1015
826
735
760
675
572
753
1352
1089
1288
963
1739
1091
781
1069
742
991
470
779
658
1179
562
859
900
675
564
954
686
1820
665
851
747
803
1005
552
899
869
1182
1057
1179
778
2833
729
846
656
1612
817
687
693
788
763
725
1111
858
618
645
751
751
837
610
1013
811
1542
638
884
758
1129
689
568
656
677
917
1014
489
690
582
865
872
878
654
763
783
701
1056
1023
708
840
780
693
807
949
931
778
640
870
1131
1074
791
924
882
1524
794
978
1143
711
466
590
479
344
635
885
1023
494
930
1052
689
777
986
1013
902
719
536
842
699
781
689
999
853
605
1212
459
862
952
547
736
757
1202
554
1882
696
661
748
630
748
926
1302
547
1139
846
1007
647
822
856
1707
917
1015
1144
1383
937
650
639
584
929
697
750
647
518
858
1101
748
860
1046
727
564
1045
547
1730
992
778
723
753
1031
1139
812
1088
750
1073
342
1186
491
1442
1798
903
1182
748
654
855
1085
752
776
606
619
679
578
1040
651
878
944
950
780
742
505
883
781
1820
684
1260
598
1202
795
510
832
658
1724
775
1106
800
878
842
962
987
742
784
817
1657
813
988
562
994
547
834
705
1012
1039
572
909
1282
660
797
824
621
671
2000
641
759
841
607
1225
856
853
411
1750
806
755
1045
972
690
831
821
711
2203
725
820
827
602
750
630
555
903
681
844
813
595
583
699
778
798
809
657
757
1927
1006
845
909
784
658
635
1039
1107
711
478
605
867
903
917
934
662
1242
528
717
924
723
1725
1033
450
803
1655
911
575
725
760
537
645
932
708
413
1185
750
860
686
860
493
689
728
1078
991
547
604
1449
780
802
857
1967
1021
811
679
764
802
2379
454
1002
932
1013
967
565
716
999
600
988
971
716
745
1041
1342
898
767
752
974
1742
713
610
403
646
855
682
913
1172
873
641
910
1383
974
754
674
670
839
848
553
386
562
815
679
689
447
2040
545
641
799
781
1118
1278
700
905
712
658
491
514
757
552
837
1166
559
752
875
1026
830
850
733
840
322
1807
667
769
768
544
825
534
1312
842
813
724
792
773
534
573
651
704
698
619
739
717
991
667
917
711
1298
1800
63247
534
890
869
671
726
711
570
710
675
977
664
808
788
864
1063
938
680
618
734
795
883
1080
2757
868
1833
598
927
479
810
893
726
678
694
527
575
708
655
675
906
1159
1102
455
650
612
884
676
783
736
801
1351
1967
898
771
1028
1135
674
1008
966
783
607
1020
862
822
528
583
734
1026
906
986
895
1203
643
559
865
681
1068
2009
762
613
680
588
785
567
713
748
796
832
844
784
585
1034
1156
809
645
795
831
933
1080
866
712
495
1822
852
841
884
965
570
775
772
1194
967
984
535
792
770
873
1186
783
626
812
743
666
664
716
588
913
628
1682
816
590
658
844
815
709
799
1070
587
650
667
617
772
664
598
771
2311
1118
794
1476
876
835
792
1078
81818
2033
630
545
945
1020
1022
814
945
700
834
2522
1089
961
582
899
1008
776
1340
761
655
1074
840
578
403
1524
997
1880
775
946
754
559
761
692
607
1050
759
1036
1015
1092
876
724
882
548
2561
520
496
839
468
450
928
750
665
2149
953
884
850
945
1133
771
925
723
830
937
654
1071
782
878
641
598
662
718
1206
631
1084
579
624
976
723
1526
716
615
744
698
811
945
466
792
1075
652
841
800
787
822
520
1019
514
844
787
402
1177
505
841
1154
1921
796
642
729
1493
859
1018
715
530
853
1361
859
876
1009
921
798
1014
795
439
762
828
907
807
1116
798
836
1928
752
947
1086
677
673
1463
760
778
928
2525
644
1000
570
493
3051
727
1211
446
791
915
639
716
448
728
1894
1197
822
865
989
568
822
627
577
1236
582
565
611
673
1210
760
537
699
789
708
781
634
706
836
1697
640
799
1166
1793
874
872
948
790
628
979
789
933
771
885
742
1875
705
581
642
906
692
811
541
1884
1090
747
811
922
904
598
964
873
694
542
783
842
706
552
1023
578
886
1048
1046
939
839
1278
776
1645
909
1032
1693
554
828
1057
573
742
1168
778
691
932
1084
580
945
1016
805
834
538
545
686
1134
496
1785
1193
890
1144
914
760
738
547
690
703
882
992
1610
665
806
1150
667
1271
779
640
608
1510
581
599
2031
765
749
837
936
1041
560
930
1092
836
863
928
849
1228
1001
726
907
735
783
809
722
746
1060
650
1634
1101
912
627
609
860
767
617
1006
529
1034
619
911
605
1952
980
552
633
817
779
691
1083
746
557
1616
875
644
628
703
786
580
1007
840
497
644
751
644
461
631
958
603
837
646
812
1195
738
788
622
1712
780
1042
541
813
1211
650
1016
762
473
799
1008
615
1011
760
744
580
722
674
944
1178
843
856
982
1717
690
731
731
580
710
1008
836
600
839
989
635
616
830
1050
683
612
648
898
954
352
813
762
693
925
1109
933
1880
1015
887
721
886
1393
547
681
604
994
968
562
1218
850
1308
1104
705
908
741
988
823
1000
721
699
812
784
616
1890
850
835
912
892
626
1745
849
796
774
603
765
830
1069
888
697
765
888
1555
631
627
764
575
764
539
638
1065
1835
572
491
806
553
751
1563
927
785
907
838
860
946
657
907
550
864
874
705
496
1069
1059
871
813
1170
839
507
1926
1082
1059
971
766
683
1049
703
758
338
782
911
801
415
729
840
1020
695
647
649
700
767
975
381
555
644
733
1717
1257
708
541
887
1050
595
702
864
809
733
927
800
1000
968
842
674
1224
950
633
1097
796
845
839
571
832
1434
1875
1130
931
1156
735
913
795
721
707
1084
789
2496
468
889
947
805
688
967
588
527
863
812
451
810
629
940
790
1598
1292
896
623
936
530
578
967
1317
750
2009
650
581
1141
605
584
746
747
1074
1055
1044
644
946
723
713
870
785
1895
1046
822
640
600
801
779
635
847
794
676
836
571
471
929
717
599
740
585
994
617
772
661
691
796
748
741
2057
784
917
1138
2300
765
1034
1491
645
743
600
542
491
951
794
468
840
620
702
834
596
803
1090
671
923
761
1691
549
900
779
892
1219
1182
744
927
630
914
1772
905
1088
740
774
846
806
731
750
514
722
646
838
452
1429
1647
763
795
646
947
888
911
641
437
694
835
949
1224
991
918
565
1276
736
712
810
913
603
1159
995
903
1020
1643
642
709
643
633
729
679
700
850
764
781
697
776
709
720
971
457
589
783
733
705
841
600
786
731
797
1741
677
576
910
599
624
719
934
1291
542
1079
602
614
920
1239
872
654
649
658
1186
875
799
653
1061
618
1317
1588
808
700
571
535
741
927
1214
735
550
1220
660
698
809
997
593
440
892
742
687
1294
1218
720
618
692
701
1909
665
871
514
921
1172
581
757
1274
640
983
776
677
939
648
826
988
1046
751
850
1087
923
1054
646
607
531
1742
667
664
637
626
499
1073
770
928
746
937
819
1086
1164
908
734
899
1101
709
1074
962
622
591
1207
924
817
1982
648
25606
819
964
764
1295
1004
568
683
586
662
946
862
763
857
793
911
988
826
1107
547
596
664
860
692
1097
841
1000
1024
821
731
666
1040
1645
881
813
529
823
1205
2719
837
1128
697
1103
912
654
740
601
908
683
726
721
560
781
561
706
1323
1024
1755
777
1067
1325
737
1084
938
634
669
2053
844
872
716
1012
1009
930
1267
714
2923
706
636
865
750
854
1111
856
863
580
775
1252
672
843
648
547
922
541
783
791
797
824
651
766
613
1758
647
475
891
871
1227
841
909
885
799
1326
717
829
816
1025
690
537
431
1796
772
502
640
1290
474
861
493
730
531
941
677
855
938
753
914
1848
699
676
998
837
855
881
881
904
1526
601
894
940
974
830
1057
834
894
689
1185
812
703
742
783
1394
800
1351
831
1175
943
868
661
753
1223
1959
14637
671
904
579
611
776
462
1016
735
723
801
1034
661
675
953
865
782
830
768
686
795
570
560
535
1583
821
839
991
661
1034
756
2388
785
2822
866
915
753
887
1081
572
1190
815
556
868
1071
954
528
677
889
854
851
1154
566
753
941
795
649
787
969
697
548
808
751
857
540
913
936
1864
734
825
587
983
722
1010
859
654
654
541
867
719
741
1169
813
606
1292
973
641
975
594
708
962
608
592
642
1000
778
958
933
816
1862
992
1133
823
675
634
780
924
1031
624
680
1034
687
716
793
1219
723
1117
738
1831
819
828
805
859
726
838
974
524
812
1011
648
1042
2042
993
747
951
692
918
531
791
759
694
780
589
673
748
1035
798
512
907
541
854
736
621
590
480
944
775
1240
997
1007
844
587
816
1779
568
661
652
1012
904
1193
744
967
772
886
819
681
855
702
1222
811
1031
652
806
745
741
855
723
1073
675
905
719
739
918
1092
795
2083
578
673
622
1009
831
540
564
790
1039
913
873
933
615
601
895
854
989
1002
651
417
780
743
968
686
912
738
622
838
875
665
632
1679
817
964
1054
1101
646
675
1174
793
810
1000
2226
686
691
650
696
1859
518
682
830
582
541
817
1009
545
1188
801
1001
920
855
724
1236
1967
1123
1090
767
745
655
652
786
752
739
642
681
703
892
443
694
646
761
540
738
804
730
992
457
854
604
795
639
711
562
468
540
1630
703
874
627
620
780
499
675
672
1355
667
563
780
658
932
976
1783
515
517
840
635
809
403
925
1436
800
1013
1139
741
587
2050
748
1824
611
745
819
990
739
1208
695
1072
824
774
834
954
739
545
857
1807
728
717
481
588
1011
453
1270
1187
1122
996
964
477
617
1068
681
1709
895
698
967
795
795
906
875
976
866
1304
1184
1121
902
630
2333
1693
2333
845
699
680
734
691
908
702
545
591
903
899
612
690
765
1698
633
635
805
869
897
854
1118
656
974
738
606
745
776
744
1347
1780
736
454
701
763
1196
600
587
746
402
629
972
675
550
1505
825
1691
635
551
544
1160
998
695
506
720
1916
1129
997
1019
599
638
817
1965
820
843
735
663
634
738
744
445
619
957
598
453
1044
720
665
1787
865
931
1000
724
870
1150
889
436
664
770
1176
386
871
722
830
1993
1004
409
656
734
698
643
977
412
669
1029
720
684
829
552
1032
1776
601
939
790
750
1084
840
714
900
613
650
793
774
875
794
744
1770
515
684
828
694
939
811
795
737
939
636
1652
621
857
785
665
1903
721
873
767
663
547
861
1122
880
1286
804
1000
1039
1173
930
733
647
1090
735
710
1144
967
882
792
967
1216
484
914
1855
583
667
1247
859
1194
874
637
573
906
756
797
1076
647
1045
798
957
652
590
643
723
791
757
929
786
463
531
650
1962
851
556
945
1044
1044
765
880
857
1461
483
803
854
568
836
597
785
1060
643
1045
781
912
462
959
698
681
826
567
1675
714
869
1145
655
1071
740
625
901
605
691
848
688
1310
680
879
858
753
862
976
1014
769
807
792
862
934
787
626
2040
810
712
625
844
769
940
760
768
643
1046
681
950
783
753
676
476
815
423
1162
720
683
879
799
1759
761
823
756
1888
937
969
754
684
1730
841
706
1639
945
655
947
1217
549
880
696
622
733
671
594
586
525
659
697
606
1607
640
808
1974
842
986
547
831
1167
781
850
1025
957
1001
902
697
1067
770
886
490
1059
625
545
497
725
677
1187
1362
797
776
783
1530
564
875
698
588
420
762
716
785
566
689
1045
745
910
663
677
687
833
964
691
715
1770
837
837
940
661
607
517
1805
950
733
960
623
876
871
760
789
649
899
683
900
503
1257
538
849
806
952
1068
906
785
820
747
926
662
1047
894
1689
709
921
695
992
559
1010
777
523
657
570
1801
699
1096
710
711
812
700
544
1803
832
722
556
761
761
589
858
633
672
816
661
888
829
540
603
878
657
982
1625
552
543
681
906
639
712
696
372
721
464
805
752
705
834
835
787
803
1067
2047
399
594
1380
557
591
813
944
1098
1035
1052
684
1008
920
1016
945
1073
903
905
2013
951
1018
947
720
949
890
694
799
737
820
892
625
689
440
903
794
833
794
1751
593
1772
741
998
1122
1036
980
794
917
865
1067
727
713
896
944
1108
851
1066
1973
804
831
902
827
1102
1307
643
853
744
953
547
900
1038
675
839
805
527
564
1937
782
948
805
956
774
372
615
1096
648
1117
703
690
760
724
669
1141
783
478
1770
928
908
617
940
355
1015
768
823
545
636
532
494
664
897
546
1061
1203
592
1790
718
656
625
1278
721
681
1263
1219
665
986
520
1001
597
1106
542
838
645
890
1629
848
1225
1033
775
816
1003
977
824
517
613
827
1125
1032
660
1599
598
855
1031
1842
1107
796
914
704
782
1222
1147
930
910
940
1046
892
836
545
620
781
574
1118
777
1044
810
643
1054
757
792
596
985
787
982
686
985
661
874
678
1255
1675
580
1976
1131
933
797
655
717
779
613
810
750
696
669
1634
656
625
757
1041
630
845
815
951
595
938
1139
895
1011
706
830
699
786
594
738
682
718
1871
702
839
673
539
591
597
968
1016
723
924
580
1396
813
769
1284
479
836
648
762
1765
577
724
1014
863
761
1083
554
920
769
892
931
724
706
921
674
1880
424
541
1025
969
786
697
703
1947
966
738
1048
910
695
779
650
1000
531
762
708
481
717
754
764
931
836
1001
690
543
837
798
592
833
503
643
2058
852
784
888
652
942
591
858
318
603
803
1020
2750
649
1155
823
1181
957
784
1133
607
826
754
880
863
879
959
957
1024
893
737
703
393
820
862
777
1796
766
907
964
794
860
837
773
611
703
1211
771
1222
911
582
657
893
1163
889
936
681
1282
593
645
727
713
733
1013
1135
603
616
703
1067
679
743
742
1879
890
802
512
630
877
1156
796
636
690
884
663
924
780
758
1368
761
708
1009
1177
759
744
886
1025
922
1136
871
599
898
807
841
744
837
790
576
414
1463
860
853
739
1146
925
634
687
1787
1034
716
643
678
756
879
814
936
836
573
1421
797
647
774
604
929
1353
941
919
1895
688
451
925
620
566
974
725
1750
1511879
676
714
846
538
1041
830
418
794
947
1205
861
931
807
881
753
890
721
960
812
760
859
881
812
870
435
764
745
524
852
715
1078
617
550
834
1851
932
722
499
904
702
943
964
868
1511
826
688
1016
888
2033
751
707
832
838
866
592
803
703
593
599
599
738
965
875
776
748
677
771
768
519
470
1759
678
1239
949
845
864
698
814
565
893
669
676
914
1023
874
709
987
593
685
431
870
1014
737
820
692
1215
931
712
884
692
444
904
832
657
816
724
1796
608
833
764
980
674
686
571
886
444
787
957
949
642
718
2038
854
570
842
869
1000
659
753
548
827
543
592
932
610
610
585
1086
892
889
1096
549
1945
595
799
938
673
956
896
598
983
933
1160
722
1088
821
769
861
844
551
724
565
678
525
967
1026
919
877
1029
931
1011
990
941
636
752
1021
655
768
1886
721
919
1149
820
1025
957
728
505
741
648
845
649
967
756
1055
814
1074
1214
864
1148
832
676
505
621
481
858
682
747
650
898
1818
594
660
429
595
983
800
701
859
779
747
1119
1225
910
480
639
1199
734
726
688
506
631
1136
733
796
788
682
1025
594
546
673
1927
770
707
767
777
687
662
467
762
863
826
695
551
915
768
1341
1367
645
875
887
610
747
956
859
799
612
944
2149
594
627
555
1745
710
1183
822
648
988
748
701
837
716
635
552
670
818
667
708
1038
791
598
937
774
735
825
825
726
775
998
699
608
605
795
2027
784
685
528
666
1004
1075
951
600
960
723
839
788
969
964
638
844
967
870
1058
1230
646
819
508
1036
577
790
604
615
751
787
1602
868
781
922
759
916
795
771
668
552
757
1182
841
956
969
3192
822
793
1143
767
575
424
733
625
973
492
939
850
1205
542
827
1880
541
824
384
595
1358
626
500
451
856
802
696
727
824
530
729
823
797
772
894
978
979
916
854
1109
694
920
929
1004
846
788
1737
845
822
986
849
1040
630
799
970
1096
690
744
556
978
445
597
983
842
833
1175
625
734
766
797
544
844
747
1204
774
797
1020
1575
559
449
695
938
945
656
932
721
686
983
900
863
892
985
1416
690
678
904
763
1117
993
1840
791
857
1060
995
635
925
846
1092
609
729
579
1035
592
718
993
487
1057
1381
1001
756
926
1875
662
660
889
630
751
634
521
921
683
528
508
793
585
675
649
683
803
711
1090
862
906
2250
962
821
676
1249
810
813
588
667
1040
954
649
862
516
790
983
811
796
756
787
772
666
2140
811
744
787
685
536
741
795
475
838
1017
699
825
727
493
803
591
797
533
1042
712
545
1826
735
1082
1295
848
1315
913
812
528
1355
799
674
750
592
690
668
750
1025
1038
666
885
663
1593
691
521
657
586
919
1241
601
750
723
1028
819
723
1053
874
808
861
831
1956
649
714
935
1903
803
768
852
880
881
597
855
464
1150
822
616
980
612
882
1070
1079
780
628
801
569
672
1469
701
509
813
821
802
641
823
851
639
567
449
1229
777
923
725
820
1062
998
988
772
657
1797
945
919
1013
736
670
732
788
911
828
905
649
870
1290
493
921
571
1086
700
724
976
779
872
706
962
1700
924
890
857
782
760
553
626
878
561
875
814
872
1172
975
996
724
644
606
777
668
441
729
555
712
1634
827
1289
824
634
972
864
936
871
1275
905
741
641
693
609
1030
1059
808
755
1117
1105
927
880
707
480
1647
1318
705
628
675
1014
949
963
750
617
823
1262
723
922
562
985
628
1120
692
853
583
703
1344
895
824
1590
993
533
492
1071
778
485
322
950
835
617
788
708
859
598
395
694
993
833
748
971
580
604
963
739
1862
894
773
574
645
752
553
585
907
537
697
673
812
1094
810
980
1032
580
537
773
762
996
815
578
1027
1667
1686
990
534
724
701
635
742
1163
738
718
801
966
490
1127
1104
737
817
960
827
578
1174
643
764
846
1937
558
728
810
562
431
915
814
729
861
623
762
933
798
661
1083
657
616
510
554
786
911
801
1010
1198
1848
766
760
1116
624
587
955
634
989
1105
757
714
992
805
983
921
933
808
860
568
845
622
1077
566
1109
1755
666
703
1084
718
569
1078
566
793
1023
854
972
1126
822
808
723
800
992
618
788
829
953
953
1134
546
770
622
680
670
994
837
1601
725
652
725
641
772
841
823
1542
1183
449
872
834
975
748
889
686
912
808
854
656
654
658
622
765
695
1050
688
922
801
732
820
1688
27786
807
743
719
771
565
825
623
597
967
945
887
787
1058
795
994
868
612
895
899
720
652
893
759
751
915
808
738
605
863
848
1777
555
592
724
584
779
944
728
571
835
526
841
1006
884
667
855
538
936
877
876
684
1064
1357
1075
786
937
837
986
1182
767
1148
1664
1001
622
864
917
984
841
541
536
634
719
852
342
719
593
629
747
924
1709
1423
675
466
800
670
560
787
839
792
717
970
576
1833
904
796
981
882
841
645
941
822
702
962
705
1107
1342
761
892
895
809
713
611
1026
482
701
808
885
1092
676
966
818
799
902
893
1700
681
627
954
626
1049
716
698
1310
606
1117
932
855
860
1088
987
922
1021
1128
811
813
856
787
1206
1015
1182
593
1098
941
953
1150
633
1933
982
970
740
689
656
882
2311
755
805
635
573
801
813
893
827
557
991
1191
478
794
913
901
1005
753
979
715
931
646
854
932
741
1002
707
857
1901
784
772
1022
677
868
962
851
866
854
879
556
586
898
692
526
679
892
1000
1068
1206
935
768
665
806
620
583
598
606
833
904
863
1323
728
742
2121
364
830
572
636
500
1213
616
698
548
985
548
763
559
1708
915
800
1731
862
682
846
730
554
1831
860
672
702
1024
969
1179
714
1175
866
926
815
1774
995
849
897
593
931
863
861
1210
1157
569
729
974
618
1123
769
986
1000
537
996
635
1012
772
690
793
894
889
637
1180
799
974
776
1089
515
758
1873
893
892
835
675
747
789
574
1020
855
1122
865
794
856
909
1124
880
797
881
943
891
758
718
903
1041
1033
732
732
850
888
625
782
1261
969
539
2037
632
799
872
824
1337
689
751
872
1045
834
1198
1023
1025
639
724
842
944
498
439
946
701
707
531
1238
738
706
570
2504
863
1076
615
849
975
1092
1699
1055
898
984
849
741
686
825
610
619
1150
749
680
858
948
1594
536
790
733
827
526
474
653
1174
1172
662
998
925
659
744
686
854
711
1011
805
2073
679
689
1070
816
1018
692
763
868
760
859
772
866
781
869
790
543
888
622
644
449
1065
735
852
1279
1615
1047
1204
1704
600
873
480
757
402
1241
990
1064
1192
785
856
866
535
1051
760
986
709
923
1307
963
1096
1085
864
802
789
1017
737
1976
1293
943
756
679
801
1195
969
771
1083
836
815
833
1060
1123
556
455
719
1111
2060
676
621
825
1099
971
925
805
382
1816
880
625
609
427
567
979
729
1036
471
820
933
708
964
535
1022
792
653
737
1114
948
884
944
732
760
687
747
734
1808
721
701
1159
301
661
930
963
1011
747
812
775
1016
738
890
1077
1050
790
622
672
1959
544
783
679
581
980
702
804
1843
490
929
707
785
1122
1222
771
607
879
1053
1618
1239
955
864
794
1270
1983
480
601
677
812
697
1056
494
1067
948
1965
2088
576
762
680
692
810
601
1089
976
628
591
810
1157
623
656
532
588
1077
574
848
847
639
844
708
605
1046
1064
654
1662
941
865
1945
1113
911
1118
695
820
864
819
814
939
759
752
961
937
979
900
1225
779
674
758
795
989
713
869
761
1645
755
553
696
799
899
547
562
534
936
553
937
1147
750
738
817
966
795
646
572
745
807
955
649
764
775
860
1183
1994
651
624
670
923
587
925
749
1132
522
764
894
831
900
858
896
570
692
595
908
1737
737
714
2454
1035
905
626
921
860
1059
759
859
612
595
792
582
536
933
892
778
1602
1231
691
691
947
867
1182
660
570
807
810
774
830
620
1076
457
869
958
675
1019
1996
708
879
826
773
784
752
778
1319
1045
747
583
564
529
793
806
881
836
478
574
1938
719
688
1159
789
798
571
905
571
878
863
735
880
800
1665
827
642
1079
1140
585
1689
1322
602
639
783
645
554
926
832
711
796
903
1065
948
1387
535
1107
792
837
603
1603
895
658
960
1091
792
868
863
535
709
1082
618
1448
658
710
739
1025
774
807
578
1710
683
695
1051
792
754
710
1105
806
620
902
896
861
886
730
732
1039
988
935
677
1842
410
598
939
3042
934
624
672
867
829
1024
995
910
543
808
841
834
562
1277
833
1921
492
690
677
1224
664
912
526
1228
1392
1045
649
692
533
596
887
916
630
804
861
1667
1000
506
715
832
637
629
1117
656
808
547
887
722
1049
960
702
664
708
989
812
1945
1211
832
742
618
803
631
659
1215
404
643
1018
693
528
610
738
890
1027
1242
1860
724
614
516
629
667
603
668
730
695
797
830
744
637
594
901
915
498
798
1824
922
760
1053
823
887
820
1094
574
489
1050
1047
764
762
536
1199
787
816
708
1592
808
860
764
807
630
454
558
857
728
908
414
912
894
768
760
856
915
716
1889
1193
883
820
984
976
1982
855
535
664
894
650
573
863
908
852
1647
505
703
1397
707
658
1206
819
676
660
1021
834
836
785
799
559
1062
905
1346
565
875
1032
1642
1333
772
1221
782
592
822
865
709
896
849
874
586
1045
768
1394
601
783
726
1938
961
1096
771
641
908
537
1080
614
1260
568
1038
880
851
808
644
605
758
1348
1943
919
554
679
553
691
931
794
1307
581
787
551
702
766
865
821
747
909
837
1906
676
826
622
1218
871
920
1886
562
640
768
1001
1246
770
1036
753
685
518
504
1500
943
514
737
705
775
1141
879
921
1330
1429
1086
748
850
639
784
952
1106
1064
1706
603
837
549
840
593
1382
518
662
1151
1049
933
509
960
601
725
493
1053
707
686
920
1850
2458
834
593
635
729
641
859
1156
680
950
430
1208
464
991
1209
879
532
1142
739
844
1898
1009
833
832
1022
1894
1735
765
707
940
881
836
812
894
797
1016
590
1074
1012
848
822
1800
700
449
718
823
595
936
596
1873
63324
661
433
686
1090
1168
1387
962
787
1160
907
1124
1682
777
1165
884
601
857
661
550
1019
677
966
950
600
583
724
872
658
642
892
815
913
1921
778
733
1038
657
561
937
885
575
1105
1954
489
907
672
819
705
542
764
527
1247
953
1972
708
849
854
689
944
567
1043
881
823
723
908
826
848
1451
1057
844
489
783
652
608
1838
785
873
919
1006
668
533
444
727
434
1141
857
993
873
864
2537
549
911
1042
785
753
1783
1367
1083
935
970
1302
576
847
823
850
587
708
943
653
641
805
1022
592
750
1634
594
1835
785
787
972
725
1015
874
931
1163
832
977
946
1302
919
789
570
1032
488
1254
882
596
1864
1230
569
1064
839
600
911
894
878
1040
1014
763
951
548
732
989
989
1319
580
700
650
1717
983
460
909
772
720
909
889
951
754
923
914
787
547
886
2028
1110
898
646
1087
867
752
1047
719
873
1174
736
819
1601
895
667
715
891
953
666
849
915
706
779
2838
654
2098
886
636
865
754
931
676
545
891
771
1085
739
43499
1140
751
1741
775
1140
740
782
909
1331
881
852
691
750
920
820
878
856
535
840
629
757
811
513
909
863
769
1119
1901
588
671
1792
434
637
835
929
612
708
606
791
722
523
973
836
512
705
787
565
927
605
1129
472
912
1221
670
703
1555
1025
1047
1807
582
892
651
1078
740
394
698
804
653
1110
1187
955
955
630
719
677
761
941
882
800
891
651
966
712
689
1965
801
1689
862
660
542
718
1072
900
588
859
884
1563
655
996
752
861
626
769
883
818
835
1021
1158
723
809
758
625
934
774
1774
930
917
766
462
711
1022
893
528
753
1185
841
970
726
571
602
1298
583
965
584
848
891
887
920
1412
923
789
929
1506
764
1085
1190
928
585
801
645
913
523
814
731
1095
799
576
758
955
759
800
463
650
731
711
1210
848
693
783
852
1779
914
991
1058
749
1342
870
926
859
825
696
717
854
656
900
1446
821
785
822
705
893
905
747
775
787
783
652
1152
656
1855
635
505
708
2071
609
720
1908
381
828
633
698
1255
732
714
789
649
603
1010
955
992
527
986
767
926
1190
563
1063
957
988
763
672
1090
1454
938
1045
1035
729
669
801
1000
749
822
1726
1328
636
632
971
877
699
713
884
683
1022
834
850
708
1011
971
1094
609
1117
730
837
859
839
819
806
921
823
851
1300
807
819
609
711
892
516
846
1636
639
1340
743
719
670
826
940
735
631
590
1142
1016
623
885
937
967
742
885
758
665
936
1172
1052
996
695
813
539
802
607
958
572
808
1070
1047
831
1688
589
889
790
549
629
798
765
940
600
777
640
738
761
568
610
653
656
930
591
1241
564
536
775
1311
902
703
914
890
1087
964
670
438
539
740
764
1702
657
1090
595
851
911
681
507
740
1072
625
881
950
624
700
1084
1285
1007
911
1087
987
1131
705
565
609
735
644
570
918
934
541
639
668
727
732
677
1771
904
599
889
649
803
712
738
548
863
1728
822
706
860
1092
885
587
658
920
974
1120
876
785
424
938
831
538
588
765
857
2976
978
1240
728
883
861
1667
619
851
888
676
675
597
1062
1023
925
787
986
746
730
634
694
923
852
1072
1164
1849
838
344
1170
1130
490
1004
788
548
500
976
522
837
756
725
738
799
1062
828
744
1838
829
611
885
444
1051
698
499
539
806
763
918
728
633
1127
927
586
746
871
1311
1844
838
1059
695
738
1056
454
980
437
558
837
772
1481
497
653
868
855
917
565
881
1584
494
546
788
944
612
943
1248
857
1287
850
583
833
1014
873
770
748
825
1005
902
1855
984
665
728
747
2384
509
1036
514
688
819
875
1056
779
1568
948
1057
2149
1071
683
1926
498
676
767
810
839
591
1237
760
479
950
601
833
509
377
927
423
911
591
929
1835
762
1196
718
1403
1369
1044
772
704
795
1126
1275
1076
956
759
1006
1056
645
1142
934
1787
766
626
775
800
842
1267
909
1057
575
664
723
765
740
897
892
920
768
627
1065
1765
667
588
839
752
1285
1265
1131
712
796
621
656
701
640
551
560
797
644
1009
478
2097
1791
833
547
728
1207
692
860
775
610
1209
551
706
479
1078
642
814
661
711
615
1970
1369
802
909
781
969
807
631
968
715
528
942
1163
721
1062
744
972
851
621
893
916
810
1401
849
1849
652
698
587
926
752
983
974
919
447
879
685
727
783
671
1234
921
587
561
790
507
595
1091
867
1722
975
1355
616
571
686
1127
499
559
799
795
754
721
839
651
844
650
975
753
670
1083
683
642
1221
1799
1116
853
839
527
841
831
745
824
671
802
418
890
851
1364
933
440
831
675
839
668
785
1042
858
1772
689
819
866
625
524
798
654
583
2028
702
714
830
597
518
614
968
804
625
819
917
638
945
666
1776
728
650
690
667
572
743
943
575
796
2033
1189
721
836
613
851
608
607
635
894
2805
904
747
1057
1677
819
754
711
683
558
667
634
1085
634
1129
923
498
910
1036
783
998
1502
585
784
848
850
1039
786
1944
717
739
1253
535
772
742
1046
739
427
841
817
1045
1331
605
881
752
683
930
725
1069
668
645
734
2032
982
592
766
803
741
941
915
1283
755
716
1072
684
1513
1070
923
946
663
1052
1125
597
697
539
980
1899
852
710
599
785
592
655
1241
637
632
760
1025
679
823
566
779
1338
649
588
953
541
1061
770
938
655
727
965
730
823
791
1009
709
1625
879
931
1111
1144
919
1074
629
644
936
915
1250
722
898
596
721
799
893
833
573
430
1066
732
798
653
560
1046
841
1119
700
936
937
1815
804
486
806
740
636
471
946
666
566
596
891
1010
1043
650
924
646
771
945
652
646
714
930
696
420
891
1218
1045
897
864
632
1005
1625
1116
1077
885
811
1072
990
1057
820
623
843
724
747
875
732
1157
578
711
453
689
518
1039
868
596
1386
893
680
1153
1247
936
949
803
1742
674
953
778
806
760
881
711
808
496
670
1162
790
1165
641
827
886
684
1141
735
921
978
865
1018
937
722
636
785
711
927
581
937
1727
747
1044
1389
877
626
1515
824
812
737
888
760
713
708
1074
769
1267
732
717
806
1185
578
915
844
792
924
1150
903
860
1010
1009
946
1773
848
843
1007
1318
885
973
795
825
582
1008
796
917
1012
671
725
708
703
968
783
592
683
1337
1024
1084
785
1139
1080
686
1068
698
454
1647
430
722
626
724
689
835
641
499
915
925
1059
1046
984
789
770
822
632
794
675
1059
1157
600
892
1099
903
1712
644
1073
1114
879
681
1717
1036
773
818
461
799
596
873
642
954
729
667
748
655
776
652
721
896
821
1937
975
640
759
709
841
505
1910
635
1239
722
608
1171
794
837
934
830
651
1130
1875
718
752
516
926
499
562
797
1000
684
735
555
520
809
891
1136
851
869
781
1680
691
681
590
644
928
573
1036
980
827
876
1030
678
1095
1010
1083
647
1219
1055
1908
593
694
778
955
954
1469
585
684
651
801
670
606
1385
1154
748
751
620
948
1732
1023
758
725
758
1009
1329
905
655
1277
811
1036
925
688
1022
739
696
715
985
1984
916
832
750
595
605
810
782
813
721
749
883
1107
1487
641
981
465
700
651
2050
734
1060
877
898
609
1235
658
692
779
672
1119
790
882
965
863
815
818
782
1648
734
666
846
618
441
1217
680
701
1099
757
901
579
628
629
698
820
821
913
1974
903
776
762
959
799
857
927
782
535
515
666
842
817
717
983
866
868
722
1906
1120
889
1237
588
513
889
707
1431
769
865
795
882
1059
687
639
647
841
819
1648
865
878
804
611
980
828
682
927
809
569
826
621
817
805
954
904
800
841
756
884
805
1197
1037
2917
652
2222
614
806
1869
624
904
1191
958
687
1185
588
684
1029
1224
1203
718
769
864
987
819
553
616
788
1107
770
710
929
645
389
856
818
902
806
1844
693
818
743
532
722
937
729
1095
837
725
1136
1041
563
726
871
694
741
732
1167
1094
806
609
732
2465
701
517
808
753
703
2125
1374
959
947
836
862
825
730
701
737
500
653
909
874
1287
1032
545
852
1209
548
888
1289
535
772
908
951
689
812
757
839
1886
824
872
1058
813
1058
721
806
733
697
449
796
1116
1029
939
786
889
1131
824
667
622
870
716
1091
860
734
1088
1165
576
735
2055
712
1192
870
1109
1084
761
520
641
1234
566
523
596
952
751
719
778
665
908
678
915
888
606
654
554
835
856
532
909
282
1680
800
634
871
927
867
1087
778
824
701
814
879
750
942
815
1540
1167
1091
844
1211
642
830
605
1177
916
856
856
709
1132
666
1800
1033
1070
649
906
911
1303
732
625
633
659
962
675
426
767
691
1100
719
669
774
630
661
1022
481
702
897
683
576
956
625
1796
981
705
842
1043
798
637
718
762
638
664
1171
909
808
544
646
831
659
982
719
993
734
675
624
934
492
587
1723
747
932
723
584
1608
831
932
830
1326
690
821
1050
898
1208
937
959
636
648
705
918
636
564
1072
843
705
1036
2082
763
1299
1062
958
497
754
686
804
698
1097
773
959
739
615
811
1212
715
1602
418
941
811
930
704
1244
735
632
1903
501
678
1142
455
1075
700
1035
707
864
936
790
898
997
759
839
666
1018
652
781
469
771
707
1037
1073
852
619
2084
548
1161
1252
676
681
713
1010
719
843
572
808
685
835
986
745
948
781
697
1129
910
1227
768
682
1051
802
634
1752
437
709
851
1912
616
805
938
868
834
946
745
892
865
619
816
722
682
729
976
1084
581
564
743
846
845
720
1695
397
654
827
767
770
721
662
957
490
1103
865
873
991
1203
1566
679
768
641
1022
703
1059
902
979
456
1048
827
1904
791
723
768
714
885
873
677
926
407
436
584
893
1053
550
990
36964
852
786
919
1278
783
914
973
1172
838
1239
1678
890
1003
689
970
729
1131
626
1018
671
488
1058
640
788
1057
663
738
909
785
587
861
1200
592
767
926
1019
1260
1206
528
585
1157
804
674
620
796
909
1713
793
745
1017
1533
831
853
445
895
753
881
966
455
789
603
981
1043
778
424
757
876
609
762
856
1003
673
822
691
733
836
939
850
985
1167
525
1030
1658
903
767
1051
695
795
811
627
797
580
995
844
1029
1151
999
565
593
849
719
619
1010
746
808
953
839
713
895
623
966
689
625
780
1643
860
592
757
1949
912
800
865
932
1049
768
1013
797
925
620
924
757
604
797
927
594
1000
570
1072
846
878
1051
1072
840
578
576
742
659
771
890
665
677
699
440
910
1866
1008
961
805
1018
818
1405
641
975
598
961
664
570
563
626
1089
501
897
721
628
1155
555
821
2061
1152
1000
778
691
672
736
764
815
664
563
614
882
1801
833
1527
680
902
860
576
774
515
854
614
796
1110
732
1023
1199
639
605
811
774
795
3044
1060
793
851
875
768
978
755
960
1052
949
849
982
944
849
2059
875
578
958
837
829
713
610
683
412
694
923
1083
799
904
1139
726
962
593
469
688
972
947
873
492
767
449
723
921
863
819
965
571
401
516
590
1680
858
707
623
643
582
1041
917
643
910
953
719
589
573
934
899
600
698
847
1000
971
1976
732
701
1106
731
1262
972
797
523
669
1222
947
803
1406
595
759
661
1010
731
1234
844
1727
1153
564
1004
1884
888
542
822
680
640
655
436
892
724
902
669
875
863
531
1139
570
1792
1119
926
823
691
859
843
745
733
1079
582
684
586
770
830
1144
609
640
706
795
911
58389
950
885
989
769
997
789
706
677
498
682
877
719
1034
770
893
976
699
938
640
841
1594
659
843
1076
691
477
479
886
791
1006
828
725
684
726
586
1020
1166
502
729
776
752
1702
648
888
577
810
457
672
1235
592
738
410
794
767
751
701
575
674
780
677
471
537
1916
804
6834
851
701
723
829
1145
883
436
1165
917
820
697
619
1015
1010
1167
710
994
553
1761
830
830
735
677
759
893
979
1100
644
934
973
1096
474
685
717
735
849
855
808
833
1803
809
988
1032
846
815
632
661
959
560
1058
1079
986
798
775
623
1095
729
1166
1142
584
1846
810
795
825
794
1520
666
831
809
736
904
780
753
1047
1020
428
1160
580
932
1084
1240
1732
786
753
808
939
883
838
985
892
683
353
719
928
553
445
516
634
1058
763
776
1800
594
679
808
829
532
498
777
488
1112
876
1416
984
758
900
678
1715
941
1038
944
1856
408
963
1534
974
1215
670
823
682
1126
766
889
808
704
763
647
718
849
719
733
2024
935
890
619
768
1243
2098
663
1201
862
860
1286
797
676
763
764
780
1238
634
641
1880
1515
783
799
721
710
800
621
498
947
877
1156
1254
515
715
596
902
730
676
593
1853
417
856
1034
614
751
992
2603
873
984
655
1220
864
679
609
653
687
2750
851
783
1522
795
741
1102
916
860
1099
763
449
879
438
774
1082
574
753
916
787
721
834
720
1961
711
716
683
779
871
1359
1055
853
852
889
598
802
721
695
795
784
831
874
948
1662
1427
777
705
861
677
741
744
732
779
1134
1009
551
740
1051
1003
725
1324
920
749
1637
598
742
843
952
1016
812
1105
962
782
768
1071
688
684
439
966
972
2551
891
643
1945
722
790
843
944
750
768
798
967
1148
820
984
843
704
965
1121
682
710
843
748
753
778
912
850
662
877
637
757
1000
824
1102
979
1722
873
598
169699
1764
759
719
813
820
1006
1011
1100
853
856
830
768
858
952
716
885
886
718
923
988
881
907
1364
621
982
821
557
735
1056
962
890
463
802
948
965
867
1722
735
1061
779
937
1111
790
838
881
722
819
679
560
696
850
631
741
1050
961
879
617
592
861
778
693
856
687
1002
703
621
1093
654
620
900
615
727
1854
690
776
1068
602
846
614
616
901
795
854
1057
770
898
634
714
808
1104
1338
869
904
760
925
955
849
623
918
536
1087
355
990
484
845
919
755
957
1780
759
725
896
622
1145
903
781
1099
902
1459
910
913
855
738
695
606
2607
938
982
916
885
401
728
833
656
800
725
950
968
650
400
860
987
865
793
1684
644
862
956
916
695
827
997
681
643
584
2106
1509
700
803
831
563
712
1198
775
795
900
1067
466
808
661
650
1309
1108
810
994
917
1007
688
841
853
1998
894
873
832
764
884
794
883
519
879
983
864
888
1550
1174
889
903
926
654
687
1083
799
707
872
561
757
906
872
797
1123
555
923
575
998
1046
824
1792
818
451
950
847
894
619
1164
688
901
817
1262
740
894
997
725
939
345
732
780
509
854
762
1680
644
1640
901
878
1121
948
811
666
1120
916
653
738
751
2481
795
468
719
706
1058
917
659
1228
2107
857
885
793
1082
741
809
639
694
702
683
1081
1016
883
780
884
850
664
668
698
770
813
728
1916
711
884
676
784
873
1550
990
550
1229
557
772
704
533
837
633
1049
786
740
649
876
480
869
1848
944
617
593
997
780
1061
730
852
728
979
894
982
1115
497
853
643
747
948
556
590
837
903
1639
760
989
527
1116
1025
868
1390
701
717
934
423
504
884
510
646
981
558
746
842
813
588
1217
1847
797
733
831
870
538
655
903
957
748
846
1645
1152
635
1159
1143
1000
