51781
29209
30003
39167
122177
38536
30306
37714
34516
28693
30567
33903
30432
28747
28141
39299
34097
92670
34283
28547
27477
32905
39618
28065
30035
25958
24830
35168
34486
30815
35131
28603
33468
136910
23618
35282
37466
38532
36054
30775
34584
38503
35534
31174
33593
28313
28707
38089
29928
35988
33111
32230
29918
31329
29785
36315
33311
35113
29574
28984
32897
30896
120877
32465
29796
36018
26154
32433
35105
28852
28115
37484
33841
36809
33827
38762
40401
36729
44243
32758
31098
34681
30845
35620
33552
28981
38264
29570
30406
33235
78188
168036
32602
36787
34897
33681
31418
32516
32399
29221
30769
34076
31944
34708
32426
32545
29115
35392
34563
25408
40295
34392
35414
39058
28753
33541
28760
38247
36792
32113
203011
42369
31434
34091
28476
27181
31120
33992
30953
34074
27925
36578
34374
33274
37331
36435
33642
37555
36665
33982
35859
33986
37955
33113
40363
28195
29410
34344
35108
174199
34862
32967
33038
32815
25426
33745
29491
27880
36993
33556
28280
38007
26473
33050
39391
38405
28942
33824
34299
44193
31007
28981
35591
37711
32143
32428
29769
29789
139742
33525
33232
31102
35001
81126
39327
36853
34198
40075
33243
34052
35011
38013
29122
116928
39437
32273
29912
38050
30730
35861
30804
36967
32165
38005
36290
34548
29618
28050
114713
38749
33373
38166
31065
38984
37840
34076
28837
24968
27968
32185
26761
32619
38470
139417
34600
35755
34737
34759
34105
32340
36846
34949
37653
28181
24549
33066
38511
36180
139768
34944
29146
30255
32221
44248
43660
43570
33629
29659
34790
38342
34556
35084
28044
214759
43524
33186
31226
32712
35319
28384
26039
29820
32634
27688
29244
37404
34254
56519
122717
28917
37598
31903
35050
37782
38177
29174
29596
34789
31392
38379
32670
32880
31180
113323
43380
43680
32759
29786
35426
31562
34109
27583
31212
30270
36799
27036
39079
37269
126008
34724
33004
35622
37270
25772
38695
33560
45379
29460
33030
33623
34615
39883
39183
114315
34478
34208
29154
33634
28532
31916
33434
29730
33542
35901
36686
37465
38241
33046
120858
28404
32808
29690
26654
28518
32661
40106
34587
26803
37149
33511
38454
26632
28783
135638
69161
29037
34662
29232
33393
26870
38494
29639
33843
29345
33603
31519
35183
35029
129249
33280
34388
28125
29190
33305
55846
44138
91065
28128
37004
33527
33341
35242
44172
135189
36398
35440
29567
24353
33984
28389
34448
34106
32191
36700
31224
34732
33383
34723
27761
34215
38753
33792
33704
133773
38837
31698
32864
33626
27194
34260
38304
28019
37589
30218
34757
35252
32635
43047
35948
37004
44028
32908
28040
133808
28436
37341
42832
34497
33552
29726
40082
29261
34269
30614
34139
39031
38869
34696
31505
111406
30474
29364
37658
109190
39182
33728
32381
33284
32040
29543
35374
29536
33477
33538
34013
31985
33881
34265
36509
31084
37552
34017
30301
136884
38783
32388
27225
31175
30531
35933
32868
39379
33310
37456
30160
26660
32932
31173
33027
30736
34524
32560
34680
141059
33631
33109
38895
39389
38655
31977
32433
34285
40130
39484
35672
30709
33601
36886
130026
35255
33694
36800
32275
191758
34612
34247
29538
34254
35616
38439
24915
32893
28945
39978
28740
30214
25951
39659
28729
38478
34326
38633
28876
119782
33264
25911
36814
39359
29379
34038
30692
32733
36404
27296
37292
29617
41861
32374
34718
26790
29341
36686
34284
230249
33390
31813
28103
41076
32502
39336
28056
31083
39395
30839
25766
36299
28489
27522
25821
31337
35751
40096
35436
103558
28185
37526
30451
31346
31967
37015
34230
35403
35497
30056
37580
28621
31239
32185
29210
35409
33755
29628
28249
137022
32376
31087
37700
37046
37522
38250
32889
32651
28104
27932
37004
33581
38928
29942
37695
29660
28652
38600
39917
111568
32189
28491
32903
33105
35225
28125
37828
31484
33880
34503
28358
35680
34917
41101
34254
32496
28846
27777
29821
33446
38412
24805
64359
35618
38076
26927
30682
28635
35868
36875
29589
35138
34176
33399
160454
28108
27079
38530
34420
28882
31898
34608
38763
26167
33795
31291
29463
38489
32310
29017
29212
33000
31109
35436
32255
27445
36759
78331
29861
33343
36387
29349
28186
52718
35014
32468
30295
29944
29309
123717
29983
33856
33752
28530
32617
32462
33246
36025
32449
34670
33839
35465
38978
32569
38268
28452
42092
39522
32956
34182
35369
32251
32958
33854
39217
33898
32502
29908
33703
34005
38668
32014
33516
34373
141786
36053
42542
31529
31726
37846
37902
29276
31571
34341
92356
27185
36984
26369
33534
32830
28977
35903
31279
38133
27587
33239
30647
29026
33768
39215
32750
30026
34891
32745
33832
33899
31430
33183
38572
103753
25630
38930
33547
33222
28939
31690
36348
32298
37568
45111
46281
31954
30993
30740
31289
35656
33097
39944
39696
32622
32308
34770
27655
39515
32312
37546
37157
29223
31759
35550
30141
28522
34984
33502
131290
34561
30053
36611
33433
34041
26758
26761
35006
35865
35263
33402
31035
35317
33352
35613
28313
24719
37560
37432
92740
24294
29275
34657
29514
30545
33544
33924
37886
37277
32950
29871
28569
32293
39064
185195
33385
25462
27915
34744
32479
29869
33476
37975
28344
36685
27924
33941
34178
34236
29077
27920
28316
29031
32488
29613
33139
35591
29609
31556
37294
29848
30797
33061
33552
34229
38960
25120
29543
92097
134475
33447
39077
38012
29732
38358
41081
35083
31784
28062
34610
32076
25565
32710
35100
38420
39587
28460
32805
30108
30591
33044
91157
33483
30632
27751
38770
37001
31171
79851
44598
33133
32960
32718
160735
31473
29775
24819
27568
27378
32960
36798
32304
38566
29618
37698
28148
33959
29793
35227
32440
34083
32657
30304
34869
25144
26095
38762
31239
27099
38730
35115
34366
28539
28610
25116
34712
36404
131904
31367
43549
40768
32721
30301
32891
39104
29867
25877
35936
35274
35678
28729
27606
32253
31510
34734
32618
39753
32888
34200
41587
30152
35470
28326
38095
32933
28764
35179
30715
78327
30635
32573
101255
31763
33641
26591
44948
38318
32593
30963
36965
26504
35199
33442
33081
37989
29342
34095
29485
32552
28445
23771
41464
37364
28834
28312
33479
32142
33895
29517
29405
38109
31383
38597
38798
38033
138909
130474
30400
34794
33451
34190
33776
31149
37531
131450
36184
44816
31578
37097
38133
48445
33590
30433
27523
35596
24772
35409
32841
32443
39813
37711
49408
28771
33534
24796
38995
29066
32555
34457
139393
30507
33533
32019
30315
27761
38153
32078
28055
38883
32945
30584
33916
32016
29402
38828
36687
37650
37311
37355
31006
33345
34522
33874
33677
51191
32230
28494
33423
34223
29060
38159
33059
29222
118716
38668
27951
29766
25893
38423
52996
33231
29662
32480
32075
30819
32567
39108
29363
27450
28975
38277
35011
32199
26161
30741
42616
34758
42963
37696
31377
165150
36091
30106
28064
37656
32678
33917
35568
37440
28863
28521
27486
32834
26229
26649
28026
31162
33167
38382
33134
32249
31553
24968
32780
33503
32528
35284
128932
33106
34223
35511
91863
33124
38650
26591
33992
31567
35989
28472
36051
45434
34795
31634
30277
27499
33102
38824
29399
38909
32621
29820
32760
28670
30893
116824
32057
31944
32934
33686
28735
38622
27207
25295
29970
34792
33423
26472
37845
39929
25392
32662
27890
27502
33338
32650
32169
93280
42557
43674
36082
33030
163867
29107
32482
32488
30377
28530
34644
33426
38982
40228
38525
34667
29477
30450
32336
28980
33109
35838
30362
42014
38375
31770
31664
34871
29859
29717
32416
134726
40461
36301
30707
33831
28416
29431
28017
28083
31558
37686
45395
36033
30015
34687
32869
34565
29406
29086
34242
32668
39340
32246
37480
41751
28858
31188
123580
34207
25861
32890
33770
32152
34907
27133
29463
29899
39050
32920
33539
28937
33910
32747
35769
34074
29324
33854
27815
30346
35012
38856
38439
37611
29224
163205
30828
33234
33883
33624
29218
29149
38022
34929
31579
93015
35982
34309
33090
25187
48993
41261
33905
28784
32311
91506
31476
35077
28689
30001
32902
29802
175173
31842
30650
33437
29724
29887
35191
33024
27028
35194
36729
35475
36510
35345
36743
31473
30381
28822
33692
29860
33568
29015
28121
31868
27998
38405
37681
31820
39026
32958
26637
33034
33218
33474
32258
32199
105495
28787
29816
41789
37047
30022
39423
31268
39929
33158
33745
32742
33836
33713
44661
36951
43533
35485
30731
43536
28684
36547
26099
39785
28491
29046
26287
28896
38335
24784
34809
39398
30202
27301
32078
38963
183055
28533
33126
32416
34366
34265
38653
34099
93050
30473
34373
38964
37585
32986
33590
30016
29153
29961
36337
32812
36774
35229
37633
38094
40939
39699
34661
31711
32040
34480
32519
30134
34825
34477
32427
36670
195179
38589
32465
34210
33678
28898
33188
38603
39719
32467
34081
27350
34342
29898
28549
34317
27758
34406
30050
34922
34874
38369
31584
28257
30222
56828
32092
28420
30277
31093
35163
33459
32637
34483
34907
30945
114592
33400
29059
38663
28921
128093
32015
28052
33812
34125
32172
35456
28881
30879
32888
33263
29387
36809
41273
24923
26422
34011
35131
39273
28145
28481
39317
27722
29857
33393
31200
30908
35949
30908
32327
38487
153068
34079
38658
34308
35679
34368
31548
34945
30537
34351
34138
32106
28631
38972
36575
34581
29186
39053
28789
34371
28208
32373
34737
35941
29627
33984
29465
33759
25503
39451
35354
39480
34047
28696
29342
25067
129309
92473
29956
34158
26934
32913
28298
35888
31207
38535
28670
35273
38200
27610
25366
33021
28441
34492
31709
30391
30047
32439
28342
27456
33243
35397
33341
29826
22906
39626
33891
28677
30940
32179
29031
33592
108434
38959
29110
35891
32927
34117
43451
43225
24598
37232
34799
34059
42142
26938
31003
38867
29054
38344
38743
31275
31967
80067
30311
30507
33064
32133
34605
38594
32221
38296
30862
26265
32941
34045
34868
37404
194169
34325
39231
29855
30463
39466
38435
38647
33185
33660
34446
32455
35022
40392
38640
32296
38690
32756
34737
29810
39869
34321
33283
30468
35665
33082
92675
78939
33351
28587
27880
27442
34517
25067
33473
34175
100846
28296
35925
30059
37814
33479
32484
39583
33387
78202
31214
33969
29777
79486
33645
43799
39427
37694
36948
40308
37735
31730
34313
27460
32890
37612
33139
27107
28256
30837
37902
38684
31628
28611
33486
33930
116390
43044
30200
30094
28677
33189
23651
33745
31411
27217
29785
34701
33124
27052
25249
29088
34248
30228
36414
38519
29394
33851
32820
28240
31004
37054
35375
33009
33901
35218
27296
41056
27696
29525
31670
38969
355340
28400
32647
95381
28532
31719
38406
26220
33414
34231
40626
38068
58010
34277
28270
33447
38616
38650
25212
37884
28808
33707
33730
28786
94524
35488
33451
33721
34018
30541
38724
32882
33194
33145
26368
33930
148440
33082
28021
35469
29668
89625
30174
28324
27626
38598
37483
33780
31069
33048
34133
32232
35644
26620
32971
30144
33969
32664
34504
28497
33291
28182
27085
33386
32729
33690
38902
34917
32975
36363
36970
32487
116027
33804
31442
34225
29038
42361
32349
37876
34867
33631
33893
32396
37388
30360
30924
33477
31093
38927
25991
35545
28532
36004
29542
34681
31250
37317
26565
120966
34271
31813
38866
31213
37633
28627
34847
32314
36265
28489
29500
33766
36899
30647
27631
39904
33307
38054
38240
35169
25223
33115
33843
28529
33717
29640
134870
26232
31776
28146
33152
33692
28906
31638
33948
37108
25775
29851
28583
30166
34351
33115
37691
33524
34556
33044
30839
39603
35586
29141
33877
31478
31472
152680
44513
38593
31818
39848
30729
27871
30844
34228
31369
33043
39005
27048
30422
33319
33536
30532
29925
37860
30169
35144
34352
36582
36303
30439
31769
29326
117337
33693
31825
32425
41070
32936
33872
31221
33710
38684
32987
31796
47744
31284
37918
61776
36010
37956
27815
26639
40008
34956
33848
30129
34467
52824
29559
99683
25984
34712
34710
33274
39535
38251
33022
36059
38823
28270
34835
89705
23664
32957
32019
28552
31977
30942
35257
26065
34436
33727
34474
32925
35047
30820
117568
32383
30643
30579
34169
32879
33523
28278
30675
34275
31755
34079
26869
29144
37379
34766
31071
36534
93234
28591
30346
28257
33462
27470
33460
33510
32029
119490
26056
36007
33425
29261
33972
37450
34692
33459
29054
29147
131350
34606
24630
32921
41247
36246
36441
28673
35897
32128
29885
27794
32536
30221
26175
32372
146446
29669
32596
29537
31736
29433
39608
30384
33809
37787
38177
30877
31733
49077
39089
33591
33398
33480
27392
34223
32812
159136
35225
24462
34363
32401
30997
35114
36998
53389
36812
66418
55023
29057
28551
32240
34908
92495
26922
31187
33858
34059
123115
38284
33219
32855
30199
33438
30422
29509
23471
36165
24226
38483
34109
33598
32300
35177
34299
28663
34328
37080
33850
132109
35956
34160
111482
34982
29202
32668
39072
33545
24762
44629
37129
45311
26691
28838
92574
33031
133338
33240
33470
30463
119646
38449
32673
35234
33530
30543
32627
34320
26999
33428
32524
32395
28649
33248
29169
32007
34620
32365
38604
33206
32913
115764
32260
33044
27525
26029
31077
39553
33134
31323
36485
42806
35493
29201
39139
28974
35440
38827
33579
34447
39462
32956
103382
37275
30294
27744
92400
26195
34466
30413
32793
34149
32769
33229
33201
35974
28382
38719
33269
28680
26891
34199
36273
119538
28483
29335
39600
28458
29429
35470
34761
29567
38328
43472
33178
35953
33227
33756
30791
33741
34832
34823
33673
37161
259699
32617
34204
33071
28431
30008
33809
29199
32368
27280
29936
33090
34257
33644
28008
32835
28598
29329
31193
93579
26850
99329
33373
38129
33374
30173
26920
33668
43899
33252
33223
36826
37062
43341
43497
36434
30924
39672
28548
34491
32863
93163
126218
26755
34685
33677
34728
34181
32199
31869
31800
35204
29318
27787
31879
29338
30248
41425
122356
41984
34063
32687
33622
33587
33828
130838
30501
37632
31770
26095
29313
33206
33524
29373
171053
32674
31276
39300
36472
37810
31451
34497
55570
28596
34637
35288
34515
31655
32886
82922
148944
30121
35600
34150
35725
34622
35433
35279
38935
36684
35770
38921
30575
27863
80385
27952
126664
32480
39188
33628
39693
33033
33261
37042
37206
40728
35690
39053
29578
34073
39754
34949
186335
35053
29628
30773
42947
31119
34023
36131
33114
26466
31642
28597
33896
29090
32036
33935
104129
29874
26735
33320
32630
27747
39286
33852
19385
30400
29321
28523
38929
40597
25406
38602
205582
30174
40995
24716
26757
34710
35225
33443
33305
32875
34430
34122
37953
35734
33425
31822
108059
43564
36300
29799
38092
35720
28127
37645
34488
91521
33461
35957
35351
33512
31409
39206
102679
48397
39351
28998
33643
39839
35562
35005
42422
34157
32820
28292
35973
32933
37925
32293
142240
32945
39422
34017
29707
27854
33018
32858
33111
26566
27271
34245
41203
30349
38435
31209
88839
30489
33265
34119
31968
32718
32223
31073
37917
35711
38961
33514
93133
33699
31681
34522
137484
33552
34508
39307
39196
32729
32495
36116
24669
32789
38730
29250
34559
33093
33251
39308
100133
29133
54071
27849
39953
33280
34810
28807
34320
30068
30093
34505
26925
28209
30086
38578
29290
36511
29561
33126
37350
30629
28264
32810
33239
35330
27595
33950
31532
26009
27695
41235
27780
50849
28320
39346
38192
126335
28643
34293
34037
32745
29914
24474
23247
29045
33403
38292
32941
33370
39334
31305
28029
30755
29263
33499
35086
25121
33869
33072
33470
33281
28037
40056
26198
37775
32481
43517
37140
36668
35441
28716
32671
33204
131919
35473
32209
38473
38463
32771
39019
28552
33118
36827
33009
28555
30204
38783
38542
26778
29554
39797
32735
34899
34721
39275
32112
35034
36598
41978
30757
32853
38727
39680
39545
33190
42176
31758
30166
31904
30384
131879
36536
43236
44813
43782
34101
38099
33153
34210
34529
21336
33824
33821
50982
39673
33421
38701
38011
30766
34841
37675
38162
30922
34307
39135
31132
29023
32798
30567
28698
30182
38879
41090
33514
21119
34784
38296
143565
33270
35242
34135
30419
31173
29341
28568
92859
31026
36266
39575
33687
35947
33929
32450
27209
33651
31537
40018
39524
37525
29307
29472
31709
28676
34769
32350
32997
33844
38268
37917
31505
31288
34074
33063
31949
141985
37259
37934
38491
33439
31635
33823
27402
117610
33755
38646
33493
33400
32469
32997
36020
26917
53754
32717
34943
30068
33939
39699
33807
28785
35195
29096
39466
34590
27391
29837
29579
28864
38427
34055
31304
33236
117370
33610
38303
39641
34220
33817
33155
33980
30329
26203
32883
40065
29113
26343
29102
33516
28932
30590
35696
32659
34119
96050
46153
26038
27396
162595
31207
35981
33777
27929
39735
33851
35254
30013
38127
33863
35820
25324
39023
30842
33998
35360
33344
27871
24410
31084
33621
35221
33931
38215
115183
34451
39460
40682
34108
137637
31017
30001
29826
40578
39561
32819
29034
58304
36264
35015
30216
28660
32617
44692
46790
42314
31743
28582
41436
119721
33799
25862
33667
34769
34161
32717
41689
33431
34056
31270
37428
34342
33385
33806
30546
32073
35892
31248
30210
37403
30447
33517
33200
27609
139933
23668
34664
29412
32986
32793
34673
35432
36524
32474
32804
65161
32691
32197
29343
41878
37737
41691
33645
37169
27928
33977
33256
35276
53895
122063
28716
39457
27936
30842
34488
33813
46496
29137
49963
40903
32261
28871
33352
29889
26485
28750
40086
30174
37892
36233
32769
35267
32539
33501
88549
34545
34453
29321
32494
31535
36725
34963
35667
45075
33115
29599
33630
69477
28643
31885
32801
34031
33342
37503
25621
29019
32686
144437
34962
123743
45041
33133
38507
32849
34830
27856
32845
31511
32311
27184
23816
30380
50753
33855
38933
29192
38383
140487
33310
33631
30517
38084
37253
79548
165694
27266
52457
35410
33063
36716
27494
29375
31467
33760
30919
33416
34743
28817
34674
36754
31020
30639
39550
46002
29347
29471
28883
39142
38290
119224
33813
34215
33753
33682
26686
34068
30781
36560
37299
33552
35624
38272
34692
30047
34456
33984
31691
31337
37569
40872
43592
32258
28437
120046
32700
40922
28304
34656
29590
33456
38495
34240
27684
26966
44513
32571
32661
38381
38912
39474
46807
33058
25294
27024
28315
29117
29036
38466
194294
34604
40231
29075
33483
34594
33829
38988
31366
34400
41141
30492
35047
65949
33762
39040
109055
36327
32050
37329
37861
34533
31212
33557
30086
119320
25336
39572
28795
28219
31304
29666
35156
33771
129965
29947
38360
54757
37699
38313
32285
63476
28924
38175
39969
33235
34211
29483
33463
32017
117905
34975
32907
28603
30058
32664
25650
32576
30746
43102
37354
54374
42458
74311
42179
39314
93955
27415
32384
31216
24294
27802
30313
36657
26373
161140
35476
29581
49229
39129
34681
35462
34806
26973
34101
33314
34280
32679
36721
34433
30990
36020
30020
34129
33136
34571
35883
30574
32993
27275
140353
31032
32460
30448
33653
41837
31363
32630
39209
50915
34550
39172
31305
32705
29284
32759
33492
29634
39195
29887
35711
25564
27784
38600
119780
28973
26519
38273
47185
38282
25050
26518
33713
37873
34186
32614
33381
40746
67099
33622
28913
29357
34939
38306
29739
33576
34335
36221
36785
121796
40695
28928
33664
25849
33024
35435
32747
28832
93607
33039
37992
24977
29721
92264
30987
38891
30439
30096
29193
35509
36469
29065
28700
142980
38571
35420
36200
29009
33208
26999
25827
38477
31308
31828
33123
23607
32838
31692
38650
50461
31717
31559
33055
26672
32120
35430
101326
33473
32354
33810
32798
33471
29057
32271
35600
33452
26231
40385
72238
36077
29150
27959
33954
30046
27121
28728
24766
35880
29419
201273
35524
32400
34046
40891
29862
35144
32639
35315
30839
29502
34535
30787
31417
30087
24507
37008
33096
32663
38235
53146
37508
39161
155423
41084
40194
38583
37653
33343
31442
23553
29567
34766
34889
31568
33058
33451
38144
39227
45962
31848
30491
30852
28791
40186
29264
159318
35607
39495
34425
28799
33872
29437
31793
38934
33081
34094
32106
29836
43933
30720
33672
43533
38505
32881
32732
35289
29798
32026
193381
28372
38544
35580
34166
32277
32618
32754
42057
35095
33956
31381
29303
34530
29192
32089
26426
32936
38572
34800
37671
38694
67358
101766
30200
30063
34131
34028
37894
34100
38799
36003
28808
27410
32115
35072
66842
33075
30769
32959
34715
37981
33512
35613
47526
28951
162733
33559
35365
33907
31915
61015
34766
32363
23952
28908
34207
26490
25208
28156
35853
28973
33726
29282
32873
43017
38501
35342
34434
135356
30706
27542
25294
35203
32217
43392
31177
31419
32123
33961
33320
28302
26111
29854
32925
38335
38772
32446
29150
34298
40894
38493
164676
40426
39617
33536
29610
34969
33142
36449
34905
34870
32275
34703
37018
32879
39009
37710
34188
33038
34204
27530
32492
30671
31582
33631
36094
36797
191770
36104
34121
31614
38360
32641
33092
40980
39593
39912
27861
40865
28345
38207
37789
33120
29741
33361
41134
28039
34874
33743
34966
31787
29343
50368
147242
28671
34823
34755
24514
127092
34529
36235
47225
29776
33900
29779
38869
31290
34724
28168
36196
79390
32626
36173
36307
30538
33860
31908
28906
38539
137472
32363
30148
34771
29203
37993
39371
32855
37627
39184
64862
31649
31601
34086
32739
26958
33229
31433
33563
42273
35415
34095
33457
37531
33038
27063
167360
27183
36301
34172
30082
32362
30795
31204
24590
44336
35788
38314
26615
31371
28585
30606
29345
26079
28143
29417
33151
41653
27932
27585
32732
44638
167015
28843
29886
28622
39050
65430
32634
34981
27158
34687
32730
32881
28655
33715
33212
35233
33785
33613
34733
34711
37284
33208
28362
33031
38613
37473
149647
38238
29764
32868
32958
36284
48661
26784
60106
33065
94010
28913
34537
30791
32529
27604
38384
39862
36872
40762
39071
29290
31724
34681
29662
34496
111747
26946
25416
32591
26964
33341
31619
35507
34255
91298
33908
33517
38576
34286
32765
38620
37281
35793
37450
36740
28045
33140
23504
28611
33974
30688
121875
32346
29247
67247
30921
33825
29857
33463
39025
36271
32501
33683
25574
34582
31363
30162
33577
33662
32150
27899
38043
32614
29159
34078
33239
29996
141857
33459
34166
181463
29162
39554
42362
32436
37767
46943
39671
34682
35696
35156
34106
34604
49643
33671
32004
29715
28221
35267
25351
41730
28932
176348
39344
33261
40033
38508
33371
39377
35802
41628
33379
132326
36786
37245
35242
46611
34337
40015
32635
35193
35128
29003
28395
36075
27170
36437
148591
37307
27115
32764
45647
32126
33474
24318
33294
32094
39673
33645
35727
40024
29963
31833
32183
34856
43741
35940
35005
56238
33265
39153
32318
114073
33318
28328
32671
34334
25402
35997
28761
30046
29181
32675
34997
32113
34677
32913
33258
50831
33098
32498
32340
34727
29452
30609
38717
30921
113674
31183
33429
31779
25281
28909
31693
29154
29921
27281
23516
38744
39265
39869
33841
38652
28981
24133
39396
29069
29575
32596
35583
35346
39203
175628
28889
24383
32947
34475
33417
32850
38008
25346
39180
28960
28674
37577
44474
38330
33985
39098
35159
24730
39847
40495
36434
29435
36507
28490
138273
25411
38059
34769
38614
39339
34115
28597
34540
34162
35195
34831
35080
33563
31992
34019
36981
28355
30493
33169
30069
31998
25093
32783
29605
120671
31029
25355
33959
27177
42201
26222
33418
38895
43450
34296
28521
32631
38681
33165
31442
34384
30528
38880
28336
28240
29309
35434
39403
39689
99684
28346
26983
50767
32862
40352
41860
39115
27578
35098
29311
34866
33256
30505
37258
36168
34415
32558
39963
28702
31500
31036
45509
27414
27351
42968
43693
37769
32311
33098
33477
32886
39771
189359
34271
28000
33656
28953
79209
33961
38561
35607
33812
33263
33553
32359
33426
31008
34475
28624
34705
24862
37110
30444
34376
36005
33786
94684
31525
33117
29713
32666
31241
31788
31933
29052
131427
37012
37820
31290
45014
29868
32279
34627
95583
30086
30456
33048
32833
33351
28631
29602
33985
24909
25023
38227
33957
34886
26436
25156
33183
33744
42884
34801
28400
32562
35705
33719
29371
97789
31964
33607
34978
38413
32115
29215
34637
40777
33813
39308
36589
34333
43976
31981
39596
22142
92532
33539
29051
34546
38212
29716
33025
37152
28207
34884
30524
29114
32028
35574
28248
33838
95175
32963
31905
37494
40389
34717
33868
39867
37622
33410
33521
41438
37953
32830
32814
47387
33052
33557
38497
28647
34586
32117
27586
43647
37426
47006
34810
38048
35099
32695
35938
34750
37825
204444
33823
54439
26570
34714
32554
27759
30139
34330
28774
38935
33359
32253
34155
35289
55341
33780
39800
66010
27970
32994
26176
33468
33835
39300
30618
33057
41838
27886
36318
27525
78672
27613
119309
37343
44950
32855
36286
31970
32159
33399
36185
32848
34155
34915
24026
32741
27751
26358
39124
34066
25115
57861
39135
34963
30148
26182
47909
32728
35898
29185
26984
28408
50554
33921
33900
115723
34177
33762
33834
37311
34790
38135
32234
32535
33153
44080
36811
37948
40422
28498
27970
33653
31550
33754
33995
37660
35195
32729
28403
34515
33913
33740
34859
41737
35398
39153
132447
32877
33838
31903
35133
31996
41734
37755
29777
28335
28097
34156
33065
34091
28837
27372
35271
28528
94052
38182
38545
32950
56511
24720
36516
42914
26727
67628
39551
30234
34769
140020
34500
38525
29517
32334
31491
33100
33645
27441
40748
34718
28839
26551
33195
33960
53667
34218
27451
41009
33546
38070
24948
32741
42029
34672
30585
33625
29117
41220
26684
32943
108836
33004
35357
30767
32771
42423
32599
37401
53344
38915
33037
24838
29797
34622
38981
39031
37421
34991
32632
38317
27196
34414
28654
33245
28633
34421
38555
32029
39404
33377
38350
109861
35463
30613
33996
31795
29673
33217
30616
35885
35435
33687
31910
29872
33441
34320
31856
36700
39979
36954
28813
33246
35115
33121
27146
42119
41513
30263
37974
28659
28386
28517
143344
33818
41769
28526
37619
34711
39638
29684
33865
34556
65228
33396
39427
27325
33946
91619
35435
40283
28844
32990
30596
34382
38712
26804
38931
29534
30676
36345
32959
32210
37436
204769
43872
40800
32158
44499
34582
30184
30797
35160
29230
28981
39220
39611
33687
36149
31604
29045
25352
25034
33889
38910
34705
33683
39228
28440
28328
35004
30796
33479
28693
26580
141225
38898
28535
38084
35541
29905
28480
37338
55110
31210
34975
44152
32790
33948
39437
114813
27728
31038
41319
35431
25592
38258
39644
35639
28475
47780
29554
24874
112734
33887
147722
26257
40380
30523
65928
35904
28426
42149
38557
38515
42060
41437
24210
38194
32338
107581
37789
30292
33165
39768
26437
44361
37937
43460
36341
31651
25164
35018
37373
33352
136020
35044
39164
40305
36753
32937
32882
28807
39404
33307
39397
39049
29135
34362
96448
421252
29830
35700
28219
28957
30863
34228
29738
29556
38228
34630
26365
29285
38643
32883
135131
31115
43264
33361
36254
36902
43120
28627
37739
33033
26691
34261
37484
35387
32579
140066
30187
68018
59802
30827
32876
31086
29667
25935
34816
34028
33091
37021
32036
33081
101166
33506
32616
39556
34457
26822
26915
34359
112355
37485
34759
29585
33168
30482
30669
172548
32689
30576
43979
41514
31513
36568
28860
27323
32798
44725
27413
29451
32064
48328
132760
33617
55605
30091
29348
39917
35223
29243
30929
39188
36285
29173
31409
33184
25297
137081
27128
38987
27925
34857
30728
39299
26320
37033
32138
40155
34477
35094
33068
37554
127268
36274
35415
31343
43793
31061
27847
38780
32976
29681
32935
38382
38114
29445
37510
129487
35551
32182
38449
33680
24831
33387
31728
34841
32378
92833
28808
34443
38738
33863
164481
32250
34134
38685
26941
32268
38893
39663
38681
32907
29209
32944
35106
35495
43516
43135
32462
33238
23492
32764
38144
33822
30829
41696
38981
27044
37194
130108
30310
38939
32305
38444
33429
30560
28723
33799
29302
39568
38695
25959
39157
29050
39699
37952
39751
26348
29763
33316
28253
33165
33715
35507
32264
65890
141955
30664
37286
55054
32154
30233
35844
33622
112648
24881
30035
37482
28772
35046
22882
29388
33492
24777
33858
47788
28341
25218
28342
30478
29552
34203
31022
117966
26728
38324
33321
34392
31542
30606
40296
33964
29778
34250
32345
35056
27096
36599
39638
33716
30885
35078
42692
31434
27990
35898
32340
30566
31229
35351
99782
37600
35273
35085
33268
33503
29243
37979
33204
38469
33698
29586
41988
32949
32945
27600
32636
27864
34289
30434
35821
38152
32736
49081
38469
31868
35651
163183
39231
35866
29724
113065
33203
31726
128427
37125
37079
27019
43912
33377
34800
29167
32668
38631
46420
30331
33869
29251
53665
33801
35936
95767
28470
40064
107400
31329
29362
30994
32946
33513
35330
33900
46539
38559
38264
28371
38141
32306
33391
35217
39223
25429
26790
22404
34487
33966
36376
43372
36702
35659
44511
101416
34006
31412
33070
27188
33086
30682
36091
34025
32785
35037
30037
35084
28531
42729
33095
33295
34737
34825
32514
78684
29151
25095
33892
39685
34180
30576
161844
30601
38713
33348
33817
38152
28064
28680
32695
70954
33236
36805
43376
37347
27892
30761
27652
33867
53328
29395
39304
33652
32145
33839
34096
31931
28547
140544
35560
30585
33445
27765
35820
32144
31656
32126
29819
93907
34062
38235
31917
26920
33301
33541
26771
107649
33051
28135
30524
33983
37237
29468
31650
28874
31596
32377
33119
37529
37293
32352
39098
33090
34832
86001
31838
54112
39233
26125
33477
30935
30899
32341
24561
55127
33004
39735
34133
29708
32227
28958
35985
113957
24806
36196
27172
38229
35332
29485
41908
28710
36520
31774
33092
29502
29542
30324
43399
37663
43193
92175
36074
32989
34606
39302
38116
29627
32058
35140
32348
33694
32754
33217
26062
31650
26687
32958
34007
172579
133365
32816
37061
56252
33740
38364
26033
35798
27918
40039
34344
29885
29558
31869
33527
34440
37455
116640
28649
28162
29247
32127
30178
39193
42926
30361
33475
33881
42323
29410
35146
31849
31607
27774
29853
105735
38530
37240
35245
33309
23584
34093
33429
25101
34419
28935
34774
39822
28529
30718
37640
36952
26653
121237
28737
29544
29879
26111
39090
39899
29476
32449
28332
26816
33628
33612
42974
37215
31854
36673
38411
119990
36452
29424
28956
33717
26609
35643
35255
26828
33314
28677
31767
26744
38570
32886
30248
28205
33444
121390
46889
35776
34905
25491
33712
38122
33325
29687
28382
38417
33526
35926
29480
78477
31553
34123
33764
119251
26582
37633
37543
30679
36463
36636
32514
32553
39522
37481
32854
33158
38699
34412
37217
32783
36411
33108
33602
29392
30150
37961
33507
32149
32161
32572
33363
32889
34134
41073
29949
33762
29433
40212
102793
128645
32171
41812
32538
32215
31366
33023
34315
32809
28855
35407
30530
91684
30145
35069
32920
33380
31870
37732
36648
31848
30903
33197
29589
34319
27946
32441
35915
34353
28212
29635
37606
29833
29189
116568
31767
24712
32762
31507
29255
38887
31825
28537
45325
32959
32834
39338
32660
40060
28528
39500
36463
30261
93816
29039
33687
29378
36438
33091
39299
34667
40020
28931
28871
31752
30626
31575
30362
34949
109740
33069
42543
33411
33450
33080
31174
92291
37822
33860
37798
35627
33468
37012
32384
29130
29876
31855
33628
23197
31480
39724
29238
39008
32918
34215
26383
26395
40259
31511
25575
39724
34091
26836
128297
39991
26536
28975
31497
30314
55575
73500
33887
29433
29949
90763
31542
39643
28088
31597
30750
32398
32006
29035
35809
32728
29885
32511
32190
33331
38159
38977
37849
32113
27454
22761
32800
33519
38137
133485
32384
29907
41193
28220
33299
31580
32585
25614
28620
32354
33210
33166
25071
37296
36725
36894
35321
37783
30715
30518
36282
33276
29148
31593
35910
74934
40224
30174
24590
30374
35223
30216
33181
31109
204718
37352
32753
30360
33942
35076
35723
27192
35438
36069
34053
33140
30788
35338
39751
37295
32839
38511
39083
32545
29828
40966
42529
25563
37174
33369
32375
33834
26767
32503
28420
29599
33828
29652
27835
140346
31086
33183
37403
39286
31177
31929
91519
27065
33491
34219
28743
35497
35195
28161
28454
32395
27659
36616
33037
31865
36655
36663
33609
38429
44520
33306
91353
33453
28873
34358
31455
35176
34949
31072
102856
28027
39864
39462
25882
34886
35456
25220
29727
29711
32731
38437
32763
32719
32781
28466
28989
30171
32425
40868
33329
32483
28880
39670
34930
29905
32323
36629
25506
36607
32030
37269
28851
25887
32230
116724
43767
31846
37283
27565
36184
38096
32038
78153
28642
33146
32475
25720
95039
34114
28981
34267
27613
33662
31171
32679
45899
36477
32086
28485
34624
38126
38217
27508
33353
38324
35762
35227
28768
29200
130980
32317
33202
29806
28062
27950
36084
28585
30370
30408
28063
36098
39237
31878
34702
34030
26023
30595
29880
35390
32361
32319
27947
32539
38172
36008
34380
33913
38610
26873
36064
33880
34001
34033
33574
152836
38659
42287
43701
31559
36693
32992
30707
29374
33415
31450
29619
36344
33136
81032
28920
29266
32795
33904
28393
25659
31999
31819
29580
30861
39558
33184
38074
24041
28938
33597
29924
34992
42027
35015
147927
28593
33068
33124
39152
34670
27405
42551
32819
36664
33942
29154
38658
33008
39512
39025
29601
33760
34421
29878
27952
30394
37284
38939
38370
35024
34520
33107
32520
30098
32600
28191
34014
24694
34101
105202
38435
37552
36257
33156
34523
29765
26128
34321
34693
24851
28616
38523
32487
37016
35984
68431
40978
33280
32793
28467
24916
32664
27799
29185
33525
29725
29363
29443
28185
148110
28481
28137
31409
35675
28865
35572
32102
33054
30317
31645
35738
53277
31811
33363
34164
32836
32107
25941
34591
33622
37721
34315
33610
44370
33068
35935
25669
29574
30948
141565
32804
25382
29050
28667
33626
28287
33998
29488
29593
30745
31540
31995
38276
34507
38937
32334
32207
36003
27634
33520
44772
29071
53445
39016
32832
113359
31306
33703
29210
174087
46574
31182
35985
43354
32129
33182
33182
34735
32588
32680
33438
34418
32759
34627
41706
29346
31821
41096
37670
28417
29772
34495
28510
30626
32890
38826
26712
35210
37905
117063
32837
29614
30271
32717
36963
29696
33548
36334
37208
33433
28387
28951
29359
31557
29462
32025
28945
38981
39404
33351
28705
31039
40403
33025
33764
32971
27021
35930
39169
111990
28603
35278
26620
32427
33949
30143
28564
26868
28728
32783
34394
28814
30699
110649
29055
34744
33567
34970
25392
29924
34705
32055
31070
26113
31487
30898
37188
37112
36859
123087
30084
27976
31813
26905
33153
32745
28533
29197
34061
33945
38875
35292
31146
33950
33657
32745
28287
38858
36082
33047
39354
37976
34295
31198
31116
42190
35494
39653
34310
143192
34331
33011
29376
32847
33149
32120
36151
63934
30861
34418
28954
36926
28831
28502
28434
35633
31598
38488
26098
27958
32189
32928
30603
31379
33600
33188
38917
33182
33541
106737
30805
31743
35071
38821
30316
38419
29055
34940
35348
33435
28167
34188
32594
39465
31101
33367
34537
27412
37064
33159
127960
33982
36796
36807
29276
29076
33509
37241
31620
34066
30993
30318
28216
40294
39540
31085
33411
33927
33740
27377
26908
93964
31682
32951
33159
27738
30404
32790
32657
33216
30123
22134
32568
31733
29836
30393
29538
31731
37716
44248
34486
32471
124737
42025
29120
32654
39088
38640
29595
26727
41247
30834
37038
36664
28857
35314
32778
28077
33618
30271
27398
32109
33548
172470
30115
34270
37221
33730
32130
33031
27095
28636
33462
31490
33468
33285
25390
34104
29145
37172
32169
27858
34402
37723
98969
32322
32939
33353
32468
32124
33240
29702
37992
34956
33203
31862
26835
32637
28228
29084
33597
28893
28389
60791
29390
119378
27660
33511
33707
40737
37058
28138
33386
32972
35723
30131
35225
31987
32885
32255
36724
35112
92794
28853
32879
39368
140100
33453
31410
27954
33344
28412
34167
37510
38124
30476
34452
27740
33077
30146
30011
39864
38977
37941
51196
30259
30159
156994
30321
33488
32431
28578
35113
37530
34395
33670
33084
33613
41171
33443
37064
36389
36894
36251
36088
45025
33628
29605
154563
35157
33078
29962
32138
26140
38244
38733
33083
29907
35465
28423
33341
31138
31345
33886
34156
34848
39446
29695
26958
28696
28269
33235
121468
31993
41056
27516
24549
32004
31659
28531
30132
33292
31749
36996
36542
43099
46559
32206
37576
29466
33578
25235
27185
34279
29282
28823
123425
30579
36176
25875
33836
37841
38033
29236
33037
33773
36635
27591
24663
28104
29605
32647
29185
39399
38214
27884
30711
27540
38680
34104
121764
32941
35192
31220
33307
36339
32727
36226
50867
33411
39780
32930
27317
29214
38898
30355
39064
34015
28262
31567
38180
33086
34578
37163
158840
30572
30160
32550
35361
29871
39116
26825
32370
38337
28075
28960
38148
34033
21357
33358
37236
33836
34488
31193
32695
38005
58784
35432
106204
27784
31140
31792
28990
28438
29356
34595
33529
28075
35858
33481
34069
32783
32898
29262
32409
30720
32448
29725
36556
29189
32767
39053
162528
36007
28115
33057
33279
28014
31654
40476
29579
29851
33457
29966
33950
33929
31216
37046
73968
43938
38383
25155
36649
30260
28258
32947
200629
38519
34001
29252
25387
32769
32709
27801
27997
33469
28468
39367
37834
38317
29413
30042
32563
24937
33283
28967
32751
34150
33353
34115
124093
29459
38067
29976
36899
32101
27293
30616
37478
37681
36624
36728
41442
36205
34863
35175
29176
39766
24594
34104
33670
35761
29806
38883
118366
39357
41700
34504
35320
32858
29014
32867
33850
29448
33482
33551
33323
34944
35314
39186
25229
32008
35161
34023
33728
28457
34025
28677
33070
25355
32531
27748
26926
38702
110979
33042
29245
25764
34368
33006
33505
81480
38728
28068
39524
28989
33411
30071
32713
33790
33177
32095
33675
33707
34255
29666
38559
33280
28917
35297
32633
34405
36286
31665
33015
139128
37078
32847
38611
29546
29244
29894
30993
35896
32363
43932
37760
33810
32662
25426
29607
33517
33950
34481
35443
32761
33524
27107
40284
35650
33451
34009
35253
28923
28557
33743
120002
35651
28192
32154
29230
32708
30460
33090
29830
27607
33544
30983
33399
25264
36808
33681
38977
36355
28788
36300
47305
44003
32151
32552
38661
38140
33347
41914
33453
37014
148403
30021
33470
34592
31873
33745
32946
32396
30938
34111
28695
25985
29640
34828
32720
28902
28424
91842
41008
33414
30409
39476
34364
33093
27574
32330
27756
30787
40591
32010
113425
31354
42746
44013
35227
34542
43691
26962
30180
34126
28705
33288
32592
34050
28608
38004
30125
24869
27746
38401
30673
30732
28494
33139
31162
28561
39167
36005
27487
34231
32939
152748
32271
30738
29975
30213
39151
37919
41404
27625
30311
36811
32835
31436
37504
37120
37202
32948
32495
32933
29069
34284
33738
28672
38237
32812
41900
29268
34234
28673
33949
37668
115019
33515
24881
28283
30938
30317
80122
25422
34246
29247
33517
34328
33181
29428
39898
29159
32751
39802
23543
29269
33385
27415
45289
32441
33443
32804
30511
28788
35725
35611
35452
30447
35338
27288
115974
31179
34865
28519
32884
32710
38430
34466
37772
34543
30684
28726
35956
33613
34274
30982
25422
28585
39254
29744
34447
33765
31888
29014
34349
24953
25545
30538
34845
33506
32637
29195
27746
27743
107262
33450
33151
32866
33893
28980
30075
34231
38278
46382
29736
35090
27532
112456
33099
28799
78653
33639
29303
29080
26208
32194
93833
33290
30812
33377
33841
33032
39533
39182
28542
36727
35466
36414
120661
38632
35097
34670
29979
33480
33209
33291
32094
32457
33216
29403
30596
35300
37480
34025
34205
38742
29565
29964
33928
39440
33230
29836
33698
33782
27721
38318
22733
30556
29750
38560
30113
30990
170032
38959
34110
32066
36869
42547
27255
36598
31344
30795
37884
30733
35413
39029
34784
39897
28811
34679
33088
33791
36858
38733
30630
32353
38461
33317
30132
33467
33067
34136
33466
37666
39856
27155
130292
38562
27445
33518
43030
34352
26970
38770
42988
36647
42293
37239
43364
29465
30685
30371
38159
33321
30342
38417
33665
32645
27167
38704
28142
36591
28393
29909
38974
32424
29931
29742
35760
26805
119241
32883
34924
28598
30855
34990
33505
33295
38807
34622
32485
33060
29562
30458
37167
36452
29750
27395
30921
32083
31294
40885
38479
36686
33782
28842
38256
33062
27741
32552
28417
29655
40384
29210
121188
29015
27674
34872
32762
32210
38826
32351
24638
35353
35387
32760
31194
36705
32339
32376
32106
25151
29833
34037
33237
33545
31849
36848
44244
33103
57360
108805
33317
27925
35885
27194
37625
35296
33417
35321
33446
28146
34079
34394
39034
35608
38289
30502
37285
28463
34275
39129
27861
29644
33521
32463
35395
32506
121920
36565
31702
25978
33480
38571
33585
34407
44668
31663
36898
35976
24496
42539
30101
23234
34300
35773
128833
35275
28172
34423
34873
39782
36013
33907
27254
125455
29408
34358
25630
29280
34137
32956
39161
39433
32716
36486
31828
41634
34443
38374
33122
32505
38472
46598
27859
28785
38784
29425
37465
37535
32495
39647
141641
38672
34181
51898
31961
22813
36845
33483
34225
28579
27481
34434
29362
38408
32451
31539
37749
32712
34264
94976
30764
37682
34883
29521
29251
34006
37853
158251
28652
33488
32277
29134
28021
30555
34888
35542
36779
57343
34720
44363
34164
28674
35216
124312
27419
27985
30495
36011
24230
32109
31902
41930
50851
91843
131762
33512
29064
31075
41135
28166
31821
38243
29091
31742
33746
38524
33410
33287
30231
28666
32429
27873
27454
32896
28804
33129
31899
33558
39536
31221
28200
116882
28363
91160
32630
30340
29941
25791
34277
32392
32764
36756
38332
27819
35227
32502
35197
32505
29575
36478
23773
35468
31971
37367
32004
39153
31995
38968
124919
40556
31200
34329
34107
29498
28263
33518
33868
35069
34392
30245
29099
32309
39186
34298
37094
41270
29799
37105
28487
33469
35740
33644
28114
28916
27668
139950
28180
26624
33090
30513
33533
29520
32304
29615
37755
35379
33877
31105
33550
33426
35524
32745
34228
38067
103993
26953
94448
38899
36714
33815
44355
41663
43156
33213
39621
34287
27413
34109
38001
33458
31482
33007
30805
117862
33507
31321
30169
36050
28421
33044
30855
30944
34157
36264
30634
35718
34945
28918
34122
38481
31937
40341
99113
42060
34099
32869
26474
40812
29959
37461
42920
35734
34457
25692
30047
31974
34582
36357
33124
32291
26120
132428
33271
30197
28865
34687
31513
33594
28379
39765
32327
33261
38719
28108
37959
33621
26632
33001
30190
34828
148312
33278
30664
34741
29604
33422
33100
38055
31928
39180
31402
35746
44625
35095
29843
43002
33624
38949
31293
148777
35822
35585
37037
28729
31771
41171
36582
32732
33454
34156
38536
58188
30092
34145
33414
35650
30073
30930
112293
35123
33595
32619
34137
28992
31823
33529
32830
28782
30464
32680
28981
36767
26984
31694
38259
28731
40292
118171
30629
33383
110581
33255
33562
26307
40192
25931
32908
27670
27694
35053
25991
30267
30120
34035
36996
38292
95875
30054
40410
32633
29180
32347
26941
39734
40997
37729
26362
32782
33008
33224
31232
34135
32018
35769
28496
132043
32178
34135
34273
28257
29499
28398
37571
34491
35126
34142
31122
29491
34015
34193
36599
32550
34149
32233
120924
27406
36994
34650
28490
32830
26961
47025
27689
29846
28283
40166
33517
33334
34122
38562
30482
38498
117207
26588
30167
31502
36668
28519
32115
32203
30888
34264
32622
38344
29450
35388
34077
33516
26853
36609
169141
35707
35250
35654
33549
33185
38050
25543
26114
32983
37564
38633
27860
34449
38622
33975
53498
32085
118910
26045
32741
34164
30561
25345
26322
39767
33985
32465
25759
31908
34800
34583
28479
32666
31771
30729
120961
31314
31845
32751
41164
92247
30663
30067
28645
36882
27547
26724
35450
38826
35501
94765
28796
27894
130006
30009
38251
41582
33142
29073
30777
33009
32072
32300
35389
30920
36586
31788
34282
26162
32910
33829
115377
32094
38312
36376
32724
33190
38461
36280
38813
33976
34202
28956
30601
36600
46100
30424
32076
35590
130800
34193
31688
24937
33863
30481
28520
30690
33789
30372
33651
37765
39464
33763
28844
34357
33406
37844
131895
36158
35983
28807
28301
29134
26919
32622
26926
29503
30810
34708
27585
39752
32828
32848
33599
32244
131903
33613
30736
29341
33831
32436
32060
28526
30203
35528
34968
38562
29751
38718
35413
41116
30154
28681
118679
27221
36006
34510
44388
28381
37413
42862
30985
45850
29477
33410
36150
30837
40699
33164
42095
35270
161484
38539
26740
39120
36017
32280
25558
28362
30894
35140
33058
34346
40123
34926
26197
37867
40838
34832
32105
33382
365175
34691
32599
32234
32991
40114
28061
37520
25725
37296
30153
37864
32712
37362
38792
32177
27419
28441
35034
28668
124408
32195
30758
36146
94279
92679
29140
34338
31191
38432
34712
35491
32771
34345
33468
25337
37545
38800
29948
28914
129940
36472
31511
32141
27746
34163
30434
79447
29988
29574
24962
31125
43549
28144
36799
34635
30135
33073
33256
35568
105132
37885
34699
33817
28598
38125
34387
39420
26389
35719
31981
26615
28347
27099
34887
33190
27543
39012
33475
32551
201059
37028
33242
38333
31899
37726
39459
30614
41331
114732
33189
36381
23666
37112
66355
34517
38262
28400
40159
29799
141476
33597
29797
40172
34505
35414
30218
37959
28583
35110
33109
34562
32484
31968
34053
33404
24290
32084
28320
26588
125370
28044
34486
33673
25948
30504
28866
29544
24291
34135
32894
30184
23860
36799
91824
36290
32188
38337
34806
29810
142004
31091
39290
32518
38039
33509
36635
33597
32528
24077
27438
32607
32807
28117
33142
38456
28755
32325
39903
30673
158991
28779
35990
26894
32864
32388
38638
38683
33285
28342
35805
37909
38056
36017
21851
37358
25828
43988
32910
29552
144340
28549
38472
34403
29844
33635
35906
26223
35926
39490
32052
36049
29011
37683
32813
29657
28738
28581
36437
31635
136990
29336
35034
34948
33287
38245
34000
34582
31977
33894
32863
33183
33416
27026
89572
36057
31784
30871
42533
33913
37253
36220
28972
29036
33582
30288
33236
128264
30910
41010
35355
26337
33083
34324
34634
25847
29202
29699
25096
76247
28998
31483
29562
29454
33960
32636
35191
36958
40885
46138
32367
32348
39268
33636
97305
45043
38055
36236
36679
35935
35859
34296
30380
32879
37500
38787
27700
39952
30386
34093
25991
31642
38581
30523
30219
37810
29914
31256
94179
26089
38657
101719
30713
38428
33738
28554
35220
38562
35754
26840
32969
33086
39456
30147
35264
34835
32574
33069
33582
36869
27695
63468
33654
43357
31785
83222
35630
33032
124584
32346
34101
38076
32301
26242
23173
37206
33719
32252
41935
33934
33406
33946
32991
32616
33084
29343
32091
31411
31421
23616
30523
28627
29308
90006
27079
200012
33686
33875
42298
39003
31031
33944
31105
27859
45073
31310
34229
31256
32801
38413
28594
30623
36750
32808
29370
28584
38047
33517
23153
32818
35312
31503
118629
35106
31983
24570
35395
28415
33387
31825
26894
35745
36673
29555
29109
28937
23043
31010
38519
36300
32198
34307
37300
39405
36641
43319
38925
32453
34759
134382
33935
32540
28415
32359
37771
33941
35886
33308
29040
39017
27648
29063
33282
33268
35766
29333
35045
24349
30604
34278
33371
39494
33220
34243
33160
29326
119807
32348
33347
36525
34679
29499
23677
33353
39083
37483
32420
37190
31257
31865
37562
38911
28189
39120
28941
32214
33951
35627
32884
28624
30741
42168
33143
31364
131198
35489
21080
35762
94014
29343
26442
108688
34832
27741
32501
40107
30958
40468
40513
38949
32831
32043
32401
31521
33657
38218
34809
28156
39468
33133
43176
42075
37807
31544
37167
39783
32025
26435
36537
40256
32590
34524
38623
35635
26671
34084
151964
38130
28640
33637
41030
30719
24823
33314
34358
38629
40386
32783
28988
39334
33135
32756
30735
45423
28410
33233
32361
32240
28002
28758
33042
42381
32481
43019
37476
38609
33436
36292
38862
33898
34624
122081
39306
27207
28424
33710
33245
32523
33326
29249
31860
35877
33376
29545
34035
39109
39369
29389
35428
30195
32705
34303
42046
34015
34488
29945
29784
34191
38773
30368
33886
28276
36287
46549
32801
32839
159946
35009
33983
34030
32421
30119
34271
35644
29662
36279
33428
32592
30358
30796
27745
36077
25183
34195
39159
38154
34134
36529
30087
34525
33829
33230
38380
29760
39050
33174
34556
30183
29039
29273
33181
115913
32054
34539
32967
33022
28227
32137
42819
33876
36631
29654
32878
30241
28234
29980
47120
28499
37450
34606
37786
39639
35201
33489
41022
29376
33481
28157
37612
29464
23270
38174
30097
27742
28854
28023
155024
29420
25747
30147
28959
26602
32026
29359
34959
80797
32661
37788
35972
39092
37430
36133
31150
41833
29862
37516
29076
40637
25212
36404
32519
34804
35370
33775
39188
131601
30142
27907
27244
28592
34242
121297
27256
33045
27651
27586
27481
33127
33318
34438
28936
25871
25511
38568
31278
27572
33765
32476
38650
37664
159084
41752
43584
36441
24990
32273
31856
27845
36761
33996
32039
29991
33262
32897
26877
38491
31872
39016
31141
99438
29584
32087
28971
32297
27893
26171
30999
29930
29935
30163
32406
41730
34701
40183
29427
29552
35972
33902
114833
33179
35143
33614
32300
24057
29312
28580
37285
31724
30107
37215
26002
25751
32806
33919
41629
25844
33730
103142
36758
39528
32502
28038
31449
32977
27739
32969
25694
26721
38080
33595
36767
38513
34293
34317
28410
33491
141640
37212
25838
39956
109908
33689
28526
23821
30023
34512
36129
34246
37876
93378
35872
30439
132573
41597
30308
108806
41728
31897
36964
30672
35160
40218
26242
29755
34623
32237
38316
28878
28990
40220
30277
34454
36001
34133
98133
33495
25482
60744
32485
38808
37608
30433
29509
37508
28110
38053
38738
31539
35734
34964
30987
32099
54431
116958
31843
38057
39378
48237
41788
34347
33923
25678
34390
34568
34051
26766
33363
33672
40970
34613
30482
52967
96709
26710
29024
35138
36450
39911
33574
33602
34324
43789
34432
34408
29611
27061
32630
29820
32170
31751
32863
517057
39659
27335
30452
54157
25491
37290
28676
32555
33346
34955
34701
24786
33088
28951
37703
27677
34537
33493
126860
28855
28075
33238
29774
44644
33695
35093
32700
30763
33034
31345
34260
46968
29158
33983
33209
28228
41293
32482
28755
41478
33326
123512
31753
23883
37222
27781
37524
30928
34079
25318
33815
30879
33552
35460
32965
32971
28276
22988
31192
32405
28359
32417
39005
33904
135492
32553
27118
30719
33208
30830
24732
25448
33104
34796
34030
39304
30481
27124
33346
38063
33919
29361
29776
37075
32682
37707
29893
147883
31413
31369
34144
36164
35127
28075
32425
29630
30537
29959
34836
40708
39003
34458
29397
35055
33262
29760
29400
32359
38148
33801
126185
32328
33374
39876
25145
30259
33142
27488
81085
26438
25416
30056
31546
32639
33640
32553
25873
34725
36581
31511
36499
41468
24574
141983
31686
33637
30609
25863
32293
34928
26515
25725
79589
32490
26494
33290
60088
32287
34448
30807
32721
40765
92686
38097
32524
38916
169703
32960
31167
30781
33079
29165
25606
38957
33752
33645
41636
26566
30515
28044
29458
38824
42356
26587
33967
34066
33514
33190
30635
138099
28986
38244
30937
33844
34732
28862
28403
29049
30124
25947
33508
36049
32975
29548
33215
28972
32528
28749
34062
37987
24378
27696
158892
32708
34268
34841
35847
34000
34964
42662
28850
37369
29646
30727
55453
35135
37801
33986
28063
39503
33213
29572
33221
28221
37739
143859
36960
25078
38867
24747
27592
33358
28228
42132
33478
34966
28831
26807
33522
32471
33822
37965
30282
30737
32833
36041
38956
34983
32577
35353
25531
33051
38596
28380
37107
40233
169480
43149
33776
40443
51143
34567
39128
35475
35630
35586
38605
31174
29058
35161
29710
30550
33768
41410
29630
31813
38157
25727
30597
29333
28198
37117
32678
38334
27161
33578
40242
86726
28893
32127
32898
29670
31630
39031
29723
28181
31521
44723
32118
38404
28002
36508
29948
35178
28356
37764
35679
33083
29374
29617
28849
32748
42034
39497
32228
32950
29125
33714
205449
29232
37597
38387
37889
33220
33493
33821
32243
39847
26996
32746
32397
28703
32005
33779
31950
28505
33880
26741
39139
27688
32458
42653
31170
33966
28945
33620
31958
39019
33605
135362
39320
30499
28826
34347
34248
32087
28902
25571
26511
39209
38557
39338
31981
32760
34902
30647
39810
40457
37500
34557
33955
35552
35190
41247
31571
27481
39395
31296
30641
33856
132777
37642
43224
36528
25451
46641
23279
33242
24120
28717
33037
32643
33748
38957
38132
41279
33585
31847
39661
39360
33590
30804
29855
32460
40748
33307
27925
40177
28649
28987
35165
109683
31595
38718
46873
33182
40628
33876
32777
33616
28323
29764
33914
31103
27656
37698
26295
45142
28846
32806
34074
39749
34098
42626
39088
30360
33752
28791
34852
35944
34918
27842
169371
31548
25430
36752
33369
28762
32237
32007
38798
32777
38432
30801
42089
31538
43733
33300
34629
28795
33187
37936
34709
43964
31944
37215
36470
43793
25871
39692
31866
32438
35378
139040
32354
29272
30895
29464
33348
34811
44506
29536
32507
33447
31026
31284
30398
27465
26119
33480
34702
114290
31380
30846
26684
44731
31815
33362
29154
37936
32233
31216
40337
36972
33844
33506
43955
46583
37309
186408
37102
31526
37936
30029
31084
35717
34012
30970
31653
25898
27375
29060
32476
33184
34280
40320
28788
96110
24092
29178
36290
33135
32691
25804
32922
35588
30429
33932
34137
46575
41574
38031
30374
37459
32954
106077
29654
28898
38582
34817
43338
36575
37982
30298
32991
28761
29755
110866
29345
33107
34017
34349
38924
132578
34056
35160
29414
30512
32926
31316
29209
34518
35687
34546
28929
26771
35519
34583
32022
32799
41989
100710
32694
28168
30197
33015
38529
34213
40125
26204
33100
39440
37844
37160
33635
32715
26622
28688
29675
132142
39238
33828
28557
28714
38980
28434
27277
29633
31332
38567
33218
32207
33520
33832
33354
37486
39827
136769
28287
35716
29600
30985
33122
32400
28140
42586
28232
38994
29081
39169
37990
34042
43566
27025
36301
110201
33785
33456
41521
25886
35003
38771
31300
32369
31543
26601
33554
33504
32324
28462
35186
35576
33892
119410
32268
93784
29136
33512
29923
33152
39679
36264
28851
30664
27784
30622
33439
30473
35424
39084
28281
122175
29159
37731
28817
36212
39151
23711
34708
33234
30880
39271
29441
29143
32878
32554
34339
31121
35637
29882
28545
29417
29882
38334
130505
32168
32780
33750
33854
148760
28384
36396
28222
33957
33362
30970
25951
41024
40083
30913
32810
33410
33909
33490
26756
25036
30889
33334
47809
36802
39483
32514
26270
24899
33248
33771
33539
34765
80635
27999
33788
23762
33672
32791
33649
33266
38019
27153
34605
35150
33283
28869
39226
29112
33028
49894
33799
37316
33722
31235
28808
77364
29580
27607
29514
36208
32951
129474
30991
38792
36029
42189
37772
36314
32669
29062
30847
32893
32361
40281
28783
38314
30372
38311
34072
30126
39252
33646
28232
39026
39536
35768
29994
28860
30592
48027
140104
42394
38610
26146
33844
35810
33802
33584
24175
28155
34632
44398
33808
34179
26970
36249
77725
35416
29345
35782
34772
33423
39636
33164
32749
29159
32841
28806
30068
151488
40910
33087
30381
33203
40114
45446
29933
28730
33076
31050
26097
34032
27456
28205
28263
27582
32360
28138
36866
40158
30620
34571
35347
32055
34000
32135
33965
24491
131761
30327
28574
33527
38068
32979
32834
33310
30794
27928
27316
45796
33465
39145
30400
38013
35002
33645
39963
27966
35566
38652
37372
33543
34152
25970
32237
39017
37092
158535
32247
43742
39676
35472
41546
32761
29845
29067
32658
37050
33482
30824
31517
29517
39824
36668
31497
24995
74479
27720
35778
26731
33603
35602
36485
30513
39612
28725
105844
34196
37554
29022
32775
33648
30483
33512
32190
35646
48798
38187
38305
31031
26298
28696
34090
32653
33715
32690
32826
31859
26377
38854
34101
32526
120443
39425
33037
26903
130366
34108
32517
46860
34764
28803
31690
28917
36363
28548
33997
35038
29403
48462
29702
35591
33799
29954
38806
32920
34593
33477
125747
32371
33535
32902
28500
32566
40087
24900
32096
35297
34415
33744
34211
28771
30254
33481
32791
37638
28464
35537
34730
34070
36640
34672
44286
34319
134922
30756
45206
27478
30663
29795
37015
27413
39125
28807
31618
38769
32880
32119
28217
27471
28807
29830
31360
25304
32357
34745
33682
35233
30996
26469
119751
39591
33291
38962
33744
36382
68556
32382
29480
32817
33757
33173
33584
30205
30412
34182
29095
33553
35073
29709
38503
39305
32731
32786
33463
37633
106901
28208
55677
95372
27918
33308
34595
28059
39003
28364
30700
34534
41048
33285
30045
38902
28932
28999
35171
29860
30713
30207
33045
32547
33547
34684
102048
27894
38968
33496
39209
33829
29648
38821
33600
33574
35574
33067
47695
39158
78113
33651
35623
31258
42718
27403
35711
34091
32293
30772
33170
28539
174946
37255
28921
25131
36248
33827
33370
63785
30232
29443
38795
32833
33089
28978
54865
34046
32525
34588
33851
39874
30410
32488
37867
31780
28017
39340
138297
30707
28837
27204
34884
32873
31055
30693
30613
30888
31170
31831
36949
35016
32607
33863
31844
39647
32231
29600
36206
34925
30165
29560
33173
37509
36662
28206
33783
32453
31144
33264
39344
32995
32383
118231
33512
33542
130859
28660
28262
28130
28227
33150
33670
27591
27848
33496
33594
33387
33838
32837
21987
39381
43470
29927
29811
32403
37344
38911
22514
33830
32997
29495
40768
37325
33409
31412
32867
37166
140978
29182
34589
33483
31565
29411
30396
25271
29755
39971
33889
29592
30010
29319
30080
24149
29297
31057
34547
35067
33631
35149
33961
34087
28625
33589
28531
37661
29606
33525
28386
92846
38496
36370
43177
156736
33500
24791
35552
29310
39398
37675
33109
32843
33784
37148
37935
25097
32488
32914
31822
31283
28644
34765
59243
40926
35264
33765
30238
33554
37076
28623
28834
28515
34104
29790
26336
28840
29403
32192
158716
33609
32124
41317
36805
42846
27855
36092
32038
32720
28337
34150
33826
32695
35138
33590
28970
32113
30436
39204
28792
38887
111493
60639
34079
30818
27331
31902
33614
28518
34857
34555
29319
29857
32001
141726
88712
33092
36875
37354
26737
33974
30908
29493
35894
25996
33733
26011
32213
28545
27087
31291
37264
36929
25221
129011
39233
34117
28723
29901
32845
33408
39232
38260
34135
41550
34248
34070
33834
33254
155187
33423
32650
29217
33684
34179
33813
28729
27274
31939
33435
33522
31209
37558
29404
34443
33406
35589
24961
34925
28555
38875
38433
34997
34512
24911
31912
36672
30447
27031
29164
29275
28574
27232
26410
160862
29454
36233
41251
28299
33890
33426
26654
28651
29370
34297
29925
23732
29376
34868
24547
45960
29160
40198
28213
104450
37476
69911
30729
35777
32988
28486
30555
34675
40992
40685
34566
36252
36715
30931
24509
35666
33088
40669
33346
124774
27667
37149
80282
34660
34398
33196
28538
29026
26393
29134
33967
36889
33810
26367
34233
36094
30540
33137
29283
188675
30097
32716
35915
31146
35028
35051
28014
32189
33847
33700
34861
34480
35688
30259
27184
39098
59163
63633
31877
102838
32701
36455
29044
37855
32210
33855
30619
30856
23486
33240
33669
34447
33897
28904
39982
32395
30652
31885
38111
97092
33174
28984
27054
27929
26544
29462
27062
31932
32400
32739
35435
38263
30204
33141
37341
26928
39904
33589
42504
132523
37073
36004
28785
32927
24429
33411
37523
38612
30747
32891
38643
31005
30475
28103
39492
31674
29410
32876
26244
136046
33941
37554
27324
35506
32502
33065
35044
27565
35437
32111
38861
39092
27693
32530
41379
38692
25681
32845
35617
111629
34998
35380
38686
44073
35583
35449
32774
29376
27264
28091
39821
34392
27923
28791
29862
29090
26212
29523
39810
127301
32819
33242
27634
28210
36634
38797
34534
33031
38684
37546
28666
33096
34375
23435
38904
28107
37350
35306
38716
120357
33449
27771
37304
37951
34592
32613
31016
31347
33909
31176
36942
34021
32966
27661
31363
30786
31543
33286
38502
129954
37811
35528
33094
35489
28548
34895
33101
36722
27393
29711
35844
26190
26768
34264
40666
30976
29251
31250
147874
31647
28802
28921
29596
34609
33860
32596
33796
38068
42547
36065
33868
42411
36327
130612
28466
39730
33597
100356
35079
56202
31455
34772
35115
34592
38242
39293
34421
34032
38439
32648
29317
29002
32097
38581
32791
34944
117721
33950
28713
38313
38209
77473
39487
32712
28448
38467
41035
33982
32684
38549
39309
29230
36662
32498
36904
130052
30858
33534
33944
35289
33740
25453
28789
32922
29494
33651
33273
28443
32747
27995
37863
34938
37743
28355
103584
37948
33715
28841
33057
41305
93767
34332
29387
33589
29417
36826
28207
41261
33024
32709
78393
24029
29335
114155
32972
36796
42661
43084
31924
33493
29901
29194
29725
40219
34711
32010
31595
27359
30817
31780
33751
44194
117356
33759
28671
29472
33833
32470
28067
37905
39251
33312
30306
36829
28323
27927
37943
33194
31433
32221
33180
222293
36397
27907
33484
35704
33348
30094
33948
37037
37419
32296
33821
29460
37486
34319
32299
34789
32696
29462
109661
32500
32832
33658
28994
26621
33356
36401
28868
34067
38431
34352
24171
27672
33244
32950
93502
39191
34558
145717
30436
33899
33539
30907
33556
31747
34105
35626
32829
26470
33224
29251
33582
31675
31233
35445
34314
38239
31462
33717
33420
32763
32059
30278
32776
30372
36792
35522
34698
33673
95383
37610
35955
33257
125438
33157
35048
28908
31384
40093
41400
27252
37953
33961
35647
37870
38925
25035
37501
33845
33204
29871
27607
34073
34501
43232
29908
33183
32764
31848
32859
40849
34913
37882
26609
36176
35093
34258
30122
177052
38256
38312
33714
36847
32842
34432
37108
32977
27252
33367
34861
31417
22812
32476
28706
28861
34116
33096
41089
25864
32955
33629
30862
29583
26868
36902
31077
27709
36519
27534
32783
34091
31669
28953
121689
34923
33644
28501
32551
34425
29327
39840
32419
38223
39405
28551
39196
32327
30378
33005
29812
39887
28162
39215
33313
32199
33635
33681
33115
37560
23706
35701
27262
38580
26467
27825
39622
28257
30844
98120
36290
37085
32818
42325
37404
32426
35745
33700
39080
27574
32547
29857
26999
31084
27043
92252
29832
34495
27840
25669
42951
32627
28120
25021
33681
38057
32413
39154
28950
28773
33683
31684
28807
34086
120195
29176
28392
32661
28363
32555
29433
35530
28814
29711
52029
30894
31538
36346
33493
32690
33942
31968
34094
32195
39613
40981
31695
26482
36124
32626
38776
38750
28022
33082
33617
34942
26245
32359
26240
141062
38102
32123
31027
35200
35542
29417
34840
33813
41182
37920
32390
45932
34857
29780
33658
36646
29800
32038
44279
38999
31321
33951
32690
39018
41069
28227
31804
32775
25665
33845
34385
33155
33838
54336
128061
30299
33152
39479
36747
42692
36371
28998
33710
33049
32859
32766
37978
40223
27896
34432
23054
38937
36174
36403
28985
27750
181140
91819
35916
35776
31942
37039
38663
31019
32705
40529
28632
32201
32256
92697
36199
33263
40945
33600
38469
33451
25653
33307
137145
31318
32637
36135
29776
38757
29751
29972
29483
33531
35627
32434
32694
32625
35324
32540
37839
26435
32876
35046
30681
28546
111391
35656
29285
31076
31956
42976
36693
28455
29705
30093
33023
30261
26692
33952
30775
34245
27613
32433
34104
39038
28687
34252
142301
28602
35457
28384
39426
31980
30116
34042
34654
32315
34653
32216
36972
25987
33555
33896
43618
30079
32989
33840
26870
38372
120534
31983
36176
39820
38571
28914
39611
27262
29176
30168
31295
23847
33858
28347
37113
38308
29220
30488
33304
38492
31527
37985
139747
34408
37555
35100
32284
24318
32805
36100
35012
25781
38568
37591
28260
46900
33834
37718
