4781
2235
1995
3005
6884
68232
2985
1954
2325
2753
2378
1913
2089
2137
2371
2859
3384
2857
6601
3153
2192
1977
2886
2585
1896
2506
2596
2366
2566
2248
2630
2377
2504
2285
5656
2026
2328
50856
2825
2399
2332
2701
2590
2252
2195
1963
2849
2562
3012
3163
1870
2781
1916
2409
2073
2491
3067
2938
2478
2565
2810
2105
2066
3540
4963
2500
2911
1969
2184
1937
1864
2154
2300
2255
2812
2764
2243
2270
2959
2512
2646
4011
2399
3440
2543
2156
3085
2070
3369
2584
2605
2642
2934
6148
5094
3528
3239
2310
2722
2424
2292
2256
3328
3009
2387
3115
1802
2593
2263
2176
1938
2538
2372
2416
3154
2104
2252
3020
2385
4271
3908
3502
2434
2055
4669
2257
2977
2651
2575
2304
1756
2314
2503
2286
2197
1801
2986
2441
3095
2184
5921
3188
3030
3128
2855
2356
2731
2552
2396
2517
2490
2585
3361
2739
5524
2769
3171
3430
2639
1985
1881
2554
2425
1939
2853
2514
2567
3441
1953
1785
3287
2400
2163
3357
2452
2916
3005
2438
2541
2515
2067
2339
2045
2900
4787
3109
2213
2375
2426
2934
7125
3207
2668
2511
2565
2225
2537
2660
2412
3079
4224
1983
3275
2767
2075
2431
2422
2406
2508
3697
2632
2792
2785
1834
2259
2869
4614
2549
2653
2652
3034
2299
3329
3107
1951
2184
2128
2876
1931
2000
3135
2538
5239
3057
3234
3493
2520
3129
2469
2396
2889
2727
3225
2040
1581
2958
2360
2590
3051
3134
3282
1951
2913
1888
3599
2860
3759
2649
1962
2938
3527
2505
2693
2249
4292
2698
3698
2317
1993
2604
3486
1511
1809
3541
3084
2056
2279
2885
2627
2559
5871
2338
2046
3080
2311
2759
3214
2656
2682
2266
2480
1751
2506
3096
2364
2587
4470
2764
2775
3640
2863
2309
2780
2043
2726
2032
2702
2619
2749
2228
3104
42221
5509
2703
3353
2669
2000
2359
2179
2578
2388
2833
2030
2759
2409
2742
2834
2482
4973
2082
2690
3590
1769
2883
2942
2719
2359
2592
2980
2722
3529
2702
3860
2549
4121
2237
1927
2849
1860
2054
2909
2085
3559
2875
1988
3168
2036
3741
2009
3275
4697
2265
3915
2467
2659
2169
2860
2270
2702
2170
2107
2767
3122
2363
3431
2531
4513
2831
2770
2723
1900
2312
2943
3616
3532
6680
2097
2792
2166
2283
2575
4016
4272
2205
3129
1352
2194
1655
2679
2392
3418
3137
1765
2967
2231
1852
3697
2568
2799
2333
2893
2152
2052
3542
2111
2783
1988
2718
3078
2506
3316
3572
2633
2615
2006
2052
2118
2612
2549
2874
4295
3934
2433
1945
4103
3280
2712
2895
2571
3054
2305
2521
2450
3198
2962
1765
2518
2519
2988
2601
2311
6425
2400
1913
2396
4394
2062
3920
2664
2315
2756
2119
2426
2896
2506
2752
2516
2352
2588
2016
3108
2845
2452
2786
2177
2790
4717
2538
3068
2366
2570
1893
2649
2458
3300
3295
2754
2069
1740
2408
3067
2207
2234
2332
2855
2348
2176
5751
2791
2306
1908
3317
2904
2624
2744
2156
2778
3297
3237
2265
2799
2003
2476
6258
2944
3134
2960
2979
6601
2174
3886
3052
1791
2939
2873
2508
1562
2593
2982
3257
2840
3005
2061
3059
2447
2849
2288
3548
2269
4092
2573
2790
2015
2047
2370
2845
2281
2723
2405
2688
1859
3584
2018
3535
2442
3022
2202
2636
2792
2308
6041
2971
2079
3001
3084
3233
2609
2634
1790
2314
3096
2958
2706
2410
2422
2311
2190
2252
2645
2901
2633
5158
2126
2160
3178
2779
2551
2239
3051
1984
2059
2497
2508
2923
2508
2207
2347
2159
2074
2181
1875
3046
4833
2830
2269
1735
2962
2764
2611
2545
2306
2254
2468
1720
3736
3075
2394
2475
3050
2366
2423
2199
2607
5073
3015
2598
3577
2842
2594
2617
2200
2737
2055
1916
2530
2028
3377
2253
2882
2569
2089
3323
2284
3044
3685
2528
1700
2645
2519
3122
1856
2326
1954
2696
3185
1683
1962
2441
2632
6098
2133
2236
3325
3672
2354
2536
2847
3160
3085
1856
2348
2356
1585
3020
2064
2190
2633
2233
2608
2240
3434
2527
2581
6726
2132
2487
2843
1903
2248
3796
2314
2986
2912
2850
2696
4378
2159
3419
2128
2453
2475
2402
2260
3173
1976
2527
2271
2716
2441
3102
3162
3417
2263
2873
2448
2484
2288
2479
2441
2055
1892
2703
3014
2877
2719
2924
2756
3211
2426
2658
2727
3980
2135
2605
3033
2834
2117
3038
2293
2479
2025
2236
6108
2480
3026
2575
2467
2493
3100
2333
2427
3721
1977
2879
1935
2379
3075
2985
2894
2267
3163
2283
2256
3082
2583
3502
2551
4463
1843
1758
3014
2265
2647
2244
2356
3124
2168
2689
3858
3968
2045
2828
3593
2647
2378
2286
2263
3096
1849
1913
1890
1884
3556
2662
3056
2931
1915
1987
15334
2924
1452
2681
2453
4568
2448
2608
2494
2896
3006
2625
2649
1976
2642
2174
3551
2297
1895
2686
2635
2443
3272
2371
2558
2788
6614
1577
2445
2377
2278
2607
2417
2356
2948
2889
3594
2462
1932
2935
2638
5204
2145
2586
1945
2554
3759
2437
2067
2974
2595
2302
2478
1909
1848
2164
2609
2651
2643
2681
3517
2575
2383
2130
2487
2356
2900
2291
3423
2131
2215
2385
1861
3868
2427
3377
6419
4108
2459
2684
2609
3277
1980
3162
2711
1941
2667
1850
2324
2259
2322
2227
2567
2545
3000
2349
2291
1979
1964
2079
6818
2594
2173
2178
67421
3083
2631
6811
2824
3022
2071
3041
4432
2587
2200
2191
2510
1888
2332
2463
2837
2794
2586
2281
3194
2543
2427
2588
2880
2308
2489
2172
1920
3243
1435
2116
2389
2496
2084
2421
1996
2391
2061
1978
1786
2173
3064
3471
3522
2740
6561
2686
1827
2472
2449
3273
2540
2269
2770
2579
2750
2496
2715
2200
2225
3287
3025
3217
3174
3149
3205
2530
2489
2387
3199
2428
2656
2148
1850
5835
2066
2047
4401
1823
2437
3044
2436
2936
2802
2275
3748
2070
2293
2496
2860
2026
2854
2469
2250
2645
2940
2929
1583
3919
2283
2097
1803
3519
3692
3061
2776
2560
2468
1948
3561
2882
3011
5042
3102
6463
2044
2662
2405
2251
2092
1763
2559
5816
2028
3645
2720
3112
2780
2179
2415
2385
1970
2637
2230
2667
2924
2138
2648
2235
2598
1413
2581
2524
2417
3212
2600
2871
4217
2580
2200
76018
2714
1788
1761
2223
28034
1932
3275
3319
2430
2805
2298
2513
2780
2788
2300
2945
3042
2665
2570
1921
2114
2541
2214
2988
2122
2519
3028
2026
3391
63829
2463
5185
1886
2591
2166
2169
2394
2396
2337
2792
2920
2590
2774
2227
2603
2815
2126
2383
1830
3099
2514
2189
1941
2330
2952
3055
2853
4486
2744
5391
3611
3101
2308
1648
3046
3091
2226
2417
2672
2174
3020
2475
2692
2525
2045
2437
2956
2876
3965
2692
1868
2601
1778
3001
3135
2745
2556
4898
1815
2171
2379
1937
6393
3004
3089
2876
2826
2763
1999
1996
2684
2840
3383
2057
2606
3136
2671
3148
1875
2649
2382
3003
2778
3007
2956
5153
2685
2416
2270
2207
2974
2133
2607
2369
2170
2698
2948
2353
2608
3121
2968
2674
2616
2677
1938
3111
3261
2604
6020
3899
3686
3057
2377
5352
3153
1995
2798
2208
2405
2250
3371
2978
2627
3227
2821
2054
2088
2081
2637
2717
2325
2727
2519
3386
3017
2115
1750
2707
2934
3033
2396
6759
2478
3208
2588
1913
2484
2481
1931
2445
2162
2720
2811
2868
3006
2526
2502
2607
3651
1916
2586
2563
3129
2203
1986
104787
2635
2083
2422
5520
2669
2446
2140
2515
2405
1955
2547
2793
2735
2396
2319
2386
2718
2205
1919
2555
2680
2490
2765
2538
1950
2612
2402
2794
3781
2721
2341
4704
3661
1960
2203
2309
2461
2292
2223
2348
2923
2585
7200
2983
2392
2991
1610
2548
2409
2782
1946
72380
6549
2164
2376
2846
2102
2615
2369
5739
2722
2601
2238
2266
2244
6498
2969
2479
65961
2003
2617
2412
2516
3090
3103
2022
1906
2895
1861
2436
2930
1719
2479
2402
2396
3191
3172
2747
2213
2036
2088
2482
2806
2612
3116
2197
4550
3679
2773
2668
3322
3283
2080
2265
2918
2858
2322
2910
1992
2759
3148
2830
3787
3754
2277
2114
3867
2394
2259
2402
2552
1692
2880
3498
2149
2292
1502
2920
2955
2541
2126
1884
2362
3503
2675
1959
1945
2213
2457
2617
2434
2659
6599
1800
2636
3081
2553
2426
3127
2140
2116
2607
3131
2419
2803
2745
3244
3427
3190
2340
2760
2382
2526
2620
2456
3284
2611
2883
3130
2753
3967
4481
3066
2187
2469
2075
2464
2718
2529
2950
2989
2770
2535
2520
2287
2632
2715
2007
3110
2287
2129
3133
3749
2436
2795
2681
3677
2123
1736
2271
2331
2358
3086
2116
2364
2498
2475
3417
2846
3034
2371
2299
2958
6395
1982
1891
2597
4291
2075
2659
3444
2646
3227
3013
1887
2347
3063
2878
2102
2238
2911
1958
2444
1894
2736
1968
2824
2839
2404
2712
2903
2571
2903
4091
4266
2608
3270
2894
2191
1944
2277
2227
2385
1958
2428
2642
1855
2057
2829
2991
2804
1379
2350
2333
2275
2081
2253
2445
2410
1935
2756
2601
2508
2423
2875
2735
2911
3060
2154
2513
2288
5162
3345
6242
73288
2715
1846
3083
2685
2346
2349
2552
2542
2591
3058
1926
1811
2425
2252
2715
2172
2153
2926
2139
2910
2187
2579
2645
2592
2515
2417
2883
2947
2524
2787
2931
2532
2794
3709
3900
3335
3065
2737
2086
2642
2800
3476
1683
3157
2747
2955
2648
2038
2603
3246
1684
2800
2743
2542
2406
6180
3408
2642
2625
1757
2374
2681
2300
2665
2435
2040
2426
2747
2358
2936
4652
2815
2853
2316
2163
2039
2817
2180
2966
2898
2368
2128
2240
2985
3935
4326
2335
3081
2207
2180
2419
2488
3346
2279
2387
2805
2633
6766
6294
2274
3061
2792
2558
2873
2089
2949
194174
3717
3062
1808
2542
2028
2991
2321
2715
2899
2472
5404
2755
3051
2544
7435
3061
2640
2685
2265
2965
3088
3476
2600
2767
2917
2708
2465
2446
1942
2435
2085
2259
2927
2540
2093
2876
3050
4044
2234
3001
2264
2899
2300
2540
1820
2972
2025
1885
2156
2351
3216
2299
2492
1992
3241
1832
2910
2677
1825
2181
1905
2123
2666
2900
2560
2402
30727
2192
2221
3645
3159
1832
2481
2739
4846
7075
39870
2235
6592
1994
2317
3007
2064
2883
2524
2787
3239
3083
2601
2043
2378
2367
2696
2660
3038
3153
1943
2792
2107
6599
3296
2341
1935
2628
2384
2297
2952
2339
2949
1962
2487
5625
3161
2419
2026
2089
2265
6487
1778
3101
1983
3565
3098
3118
3070
1941
2737
2456
2617
2113
2413
1837
2868
2989
2799
2145
3057
2406
2009
2214
2397
2086
2821
2226
2882
2716
3334
2211
5276
2797
2168
2639
2626
3076
2460
2526
3119
2208
2214
3348
3250
2977
2705
1801
2139
2500
3114
1752
3220
2346
2642
2142
3213
2147
2170
1909
5092
2311
2462
3101
3178
2707
2486
2283
2637
6463
3272
2543
2761
2179
2689
2125
2035
2350
2280
3051
2675
2283
2319
2157
2574
2272
2476
2214
5529
2441
2181
2074
1660
2239
2543
2487
2317
2618
2507
1937
2123
1954
2100
3480
2342
3042
3093
2805
3219
1888
3213
2078
2041
1829
2083
2505
6144
2635
3967
2625
3813
2979
2220
3121
2998
2228
2026
3426
2521
2681
2618
2621
2239
2153
1701
4331
2431
2203
2719
3909
2021
2542
1923
2473
4917
3032
2556
2048
2814
3978
2020
2053
2377
2700
2428
2181
2267
2954
2066
2999
2805
2440
3650
2645
1649
3259
2743
2196
1503
2924
2115
2468
5649
3295
1915
3271
2505
2523
2702
3390
2500
2733
3153
2270
2247
6724
1906
2890
3029
2589
2266
1632
2966
2288
2039
2419
3116
2661
2660
2609
4235
2872
2307
1983
2948
2098
2571
3227
2358
3223
2325
2209
2847
1780
2797
3174
2509
1936
2735
6166
2178
1855
2401
2705
2091
3124
3055
2903
6616
3505
1693
2806
2014
2429
3183
2424
2105
3208
2284
2391
6245
2524
2230
2991
3462
3779
2247
2447
2440
2478
2765
1999
2191
2344
2487
2959
3213
3224
2650
1832
2274
2386
2721
2352
2978
2314
2275
3066
2557
2285
2829
2586
2372
2770
3073
2441
2213
2030
5995
3369
2006
1545
2475
2939
1828
3111
2203
2989
3044
2337
4166
2431
2525
2380
2140
6107
2119
2260
3479
2587
5516
2486
3078
3041
2490
2539
2121
2249
1767
1875
2426
1990
2316
2414
1969
2288
2509
2462
2588
3357
3110
2452
5930
1854
3584
2313
6319
3429
2375
2905
2926
2862
2184
2858
2593
3101
1941
3201
6526
2246
5470
2643
2662
1950
4224
2409
3088
2366
2440
2265
2589
2818
2213
2012
3020
2730
2282
2587
2551
2413
3111
2367
2284
3072
2561
2946
5803
2382
2581
2239
2373
2844
3366
3216
3608
2789
2090
3517
2751
2264
3136
2399
2518
3249
2415
2545
2128
2466
3588
1888
2740
2437
2114
6375
1735
2267
2652
2788
2009
2279
3156
2528
2377
2487
3065
3039
2489
2169
2107
2298
5946
1982
2127
2142
2460
2054
82105
2935
2545
2121
2748
2676
2513
3044
2157
2433
2100
2229
2179
2517
2687
2188
4062
4209
3361
3545
2334
1486
2756
2414
2508
2749
1769
2865
2165
3211
2595
2534
2199
2267
2844
2964
6669
2124
3800
2413
2366
2801
2959
2313
1916
2008
2923
2306
2047
2699
2902
2514
3375
2494
2308
2326
2248
2728
2429
5901
4743
183790
2418
2418
2250
2151
2338
2992
1786
2469
2720
2023
2315
2987
2827
1911
3246
4860
2359
3123
2065
2502
3217
2426
2468
5717
2241
2539
2361
2065
2527
2177
2457
2225
4106
2598
2303
2659
2642
2726
3113
2518
2473
3384
2087
2498
2673
2872
2591
2797
6709
5713
2702
2613
2760
2600
2559
2515
3032
2491
2645
3192
2570
3037
2255
2773
6482
2722
5531
2110
3074
2824
2134
2925
2675
1848
2433
3101
2568
2102
3186
2005
2708
2778
3220
3858
2208
3314
2736
2267
3242
2339
2820
1906
2393
2132
2256
2266
2359
3252
2927
3113
6338
1854
2541
2231
3084
2871
2469
3111
3411
1592
2328
2028
3533
2544
2312
1853
2432
6426
3058
1989
2612
1527
2425
2411
2918
2253
2168
3521
2445
2720
2855
2027
2081
2481
4301
2357
3008
3537
2243
2512
2221
1891
3829
2747
6726
2399
2913
3098
2341
2416
2469
3956
2367
4063
2240
2622
2725
2550
2287
2060
3467
1970
1876
2195
3355
3163
3185
2444
5002
3285
2543
3175
2191
2751
1738
2666
2351
2946
1706
2571
3009
2025
2142
2400
2308
3520
1904
2292
3088
2568
2811
2081
2522
2631
3544
2644
2984
2300
5899
2721
2375
2288
3231
2441
2434
2574
2404
2839
3029
2750
2484
1756
2774
2469
2225
2912
1971
2241
3104
3908
2289
2801
2636
3147
2911
2388
2060
1908
2395
2960
2053
2462
2440
2597
2422
2343
2238
2514
1947
2438
2940
2781
2512
2386
2048
2231
2229
2085
2417
1944
1990
3175
2757
2627
2108
2823
2391
5090
3004
2665
3219
2653
2285
2411
1652
1883
2041
2966
2961
2274
2456
2830
61966
2954
2745
2292
2985
2079
1704
2464
2666
2036
2933
2404
2422
1843
2910
1856
3570
3437
2443
2817
2181
3324
2214
5333
3089
2550
2610
2331
2985
2774
2846
1979
2720
2470
2438
1785
2367
2959
4307
2347
2962
3237
5297
2375
2231
2423
2138
2347
2377
3723
2886
2142
2819
2534
2947
2806
3801
2550
2806
2240
2228
4250
3792
2774
2995
2673
3090
2987
3062
2939
2297
3469
1528
3644
2343
4657
4233
2574
3030
3363
2597
2951
3140
3075
2143
2118
2480
2752
84352
2416
2173
2520
2798
3559
2172
3225
1608
3137
3023
4364
2845
3096
2302
3285
2593
2107
2101
1994
6520
2071
2984
3059
2446
2613
2937
2500
2284
2490
2557
4292
3042
2985
2482
2174
2231
2600
2720
2265
3241
2301
3090
3126
2035
2359
2224
2375
2300
4013
2237
2281
2848
2489
3087
2490
2765
2375
6443
2278
2357
2317
69326
3045
2380
2121
2143
5908
2074
2422
2738
2849
2906
2377
2527
3021
1688
3314
2271
2074
2086
2080
2810
2974
2264
2773
2932
4114
2397
2397
2806
3120
2432
2238
2380
3075
2720
1957
2393
2938
2400
2795
2750
2439
3255
2161
2611
2922
1962
6621
3153
1614
2955
5321
2229
2062
2493
2056
2155
3074
2435
3131
1922
3107
2934
3589
1605
2517
1975
2173
2171
3345
2447
1905
2060
2685
2370
3148
3180
3178
2555
2242
2650
2716
2694
6728
1799
2852
2187
2641
3127
2185
2321
1908
2342
2510
2877
2394
2249
3646
3783
3726
2729
1903
2743
4566
2232
2238
1706
1954
2467
2300
2569
3561
2753
2469
2843
3689
2743
3071
2686
2719
1907
2256
1922
1648
2428
2166
2271
2240
1782
4151
2435
2866
2902
2563
3560
2978
2735
3224
2269
2438
2140
2372
3042
1965
2828
3228
2258
2234
3177
3799
2074
2472
1931
2340
1270
3860
2429
2968
3143
1949
2610
2368
2857
3090
2144
2017
3536
2792
2009
2577
2481
1975
1968
3042
2577
3287
2424
2341
2853
2226
3067
4051
2394
2112
3351
2770
2414
2698
2742
2602
2689
2933
2625
2072
2235
2273
2475
2610
2628
2472
2430
2748
93596
2173
2869
6428
2630
5748
1743
2700
2539
2882
2450
2409
2265
2343
1855
1824
2291
1838
2138
2640
3075
2988
1696
2473
1929
2828
2482
3115
3891
3471
5219
4360
2604
1945
3733
2728
2595
3071
2485
2382
2590
2407
2655
2478
2567
1616
2382
2837
2703
2649
2605
3928
1819
2339
2602
2459
2833
5544
2412
2253
2715
1909
2175
2100
2338
2382
3474
2468
3159
2506
2679
2816
2714
3194
2521
2074
2028
3379
3040
2591
3128
2072
5114
2511
2885
3173
2725
2669
2325
2147
3292
2835
2503
2450
3862
2285
2611
2947
2361
2389
2681
2639
1648
1879
2259
2280
3130
2255
4074
2302
3761
2396
2730
2469
2598
3345
3250
2449
2405
2878
2248
2421
3071
2938
2462
7304
3012
2011
4042
2441
2358
2624
3431
2594
5039
2828
2079
3259
2465
3215
2414
2503
2318
2431
6586
2309
3941
2316
2380
2607
3130
3305
2294
2984
3162
2656
1869
1559
4124
2879
5902
2047
2627
2290
2087
2503
2483
2543
2714
2671
2708
2417
3812
3911
2811
3375
2651
6833
2109
2417
2294
2120
1794
2713
2148
3697
3842
2295
2381
2025
2356
3097
2742
2440
2344
2385
2580
1992
2722
2019
2483
2153
2608
2380
2061
3513
2433
3070
2648
1949
2848
2202
4367
2228
2044
2061
2850
2810
3599
2454
2711
3278
2002
2808
2982
2075
2400
2108
3516
2331
2195
2855
1615
2524
1613
1912
3167
3047
2176
2217
1992
4542
2275
3137
1904
1902
2080
2977
2425
2699
2519
2674
2802
3045
2384
1822
2723
3674
2673
2398
3091
2830
3013
3462
2360
2724
2954
1846
1896
5294
2443
2679
1904
8504
2589
2943
1700
1690
6180
2387
2908
2002
2246
2394
2550
2350
2373
103565
3478
3038
2618
2386
3458
1688
4079
1995
2335
3589
3058
2277
3285
2150
3328
2982
2355
2684
2790
2791
2270
2582
2985
2887
4768
179608
2440
3091
3909
1937
2988
3085
2375
2825
2323
1920
3291
2548
2565
3344
6487
2264
2232
2477
2606
1910
3525
1849
4000
3239
2392
2769
2260
3387
1712
2722
2973
2202
2175
2706
2155
2102
1667
2806
1808
2699
2795
2547
3045
2465
2978
3201
5298
3416
2683
4278
2418
3067
2442
2250
1965
3488
2532
2647
2729
3085
2544
3392
2868
3191
2493
2292
1933
1949
3108
1688
6395
3091
3253
3264
3226
2584
2434
1788
2350
2965
2391
2352
3740
1490
3671
2972
2295
3985
2618
2706
2436
3461
2505
2497
4255
2294
2030
2639
3146
2479
2266
3201
2718
3312
2778
3012
3082
3092
3063
2329
2912
2029
2183
2634
2528
2792
2417
2224
3963
2136
2875
2895
2530
3038
3674
2383
3445
2230
2852
1909
2822
2572
6245
2619
2274
2611
2486
3013
2061
2686
2152
1901
4728
2691
1919
2705
2639
1789
2408
2297
2426
2098
2035
3196
2282
1862
2297
2590
1877
2719
2517
2373
4048
3029
3132
2490
4574
2735
2801
2171
1630
3052
2863
3099
2514
2156
2304
2719
2756
2344
2445
2540
2458
2457
3973
2438
2989
2976
2807
2435
4453
2054
2165
2817
2102
2136
2247
2538
2596
2755
2999
2604
2650
2712
2390
3014
2462
2303
2315
2749
2200
3187
2058
2870
2519
2760
2698
4851
2789
2743
3381
2489
3198
1989
2348
2684
2508
2836
1940
3632
2262
3231
3066
2187
2467
2567
3288
2717
3251
2409
2759
2929
2198
2229
3932
2757
2052
2431
2906
1939
6658
2885
3233
2981
1893
3035
3243
2803
2506
2236
2298
3984
4561
1914
2642
2410
2030
3392
2231
2087
3150
4318
2126
1992
1865
2396
2735
4392
2463
2148
2889
2354
2549
2717
3235
2611
2285
2152
2817
2646
2117
2630
3057
2910
2587
3127
3261
1949
6042
3666
3103
2762
2819
2051
2323
1789
2626
1500
2602
3160
2850
1696
2480
2453
2783
2533
7429
2009
1765
2382
2963
1603
1516
3067
2916
4829
3260
2945
2124
2543
2396
2077
3018
2279
1854
2551
2326
1918
2649
2637
2455
2246
2999
2667
2680
2674
2379
2882
2540
2271
3294
2991
4877
2830
2478
2535
3065
2526
2513
2403
2445
3092
2336
6421
1870
2659
3350
3164
2404
2915
2310
2454
2865
3038
1740
2309
2495
2611
3270
3533
2931
2456
1858
2440
2378
2028
2718
2462
2111
6178
2497
2245
3269
2779
2183
3025
2241
2781
3086
3052
2387
2275
2192
2153
2643
2202
5551
3231
2300
2308
115958
2640
2748
2113
2659
3009
2167
2319
2321
1623
2567
1851
2547
2137
1977
3933
2266
2441
1711
1905
2977
1944
2183
4314
1927
2376
3242
7181
3271
2449
3769
2324
2767
2006
2420
2132
3325
2399
1914
2432
2278
2368
2982
1776
2235
2488
1648
3429
2128
3965
1811
2524
2565
3245
3122
2939
3350
3242
2596
3028
6311
3143
4005
2404
2372
3005
2843
2398
3357
2288
3842
1733
2803
1794
3641
5945
2315
2723
2385
2722
2301
1848
2119
2092
2827
2169
2614
2935
3245
2576
1995
3315
2229
2383
1993
2629
2510
2998
3006
2280
2661
5153
2082
2985
2187
2497
2697
1992
3108
2785
2375
2495
2442
3370
2068
2200
2425
1811
2943
2574
3084
2204
2426
2626
2298
2717
2240
4212
2439
2713
2821
2417
2228
2567
2997
3255
2100
3092
1742
2391
3314
3268
3091
2351
2043
1873
3570
2590
2814
2889
3066
2541
3028
5506
3045
2004
1804
1994
2460
2333
2952
3248
1731
3444
2311
2249
2631
2904
2399
2521
2551
2351
2368
2809
3587
2191
2427
2696
2403
5804
2501
2321
2448
2481
3014
2294
2974
2898
2065
2542
3059
2563
2578
2593
2342
2502
2425
2039
2394
2860
2225
2681
1938
2550
2036
5842
2417
2143
2393
2428
1803
3083
2696
3217
2810
3049
2922
3677
3055
2867
2470
2479
2857
2453
3015
2941
2038
2226
3030
3383
3252
5318
1995
2171
2598
2468
2476
3358
3960
2520
2596
1935
1967
2767
2569
2734
2420
2262
2625
2571
2882
3249
2105
2083
2608
2394
2051
3732
3766
2888
2471
3071
2860
2090
2324
3215
2445
2502
2114
2374
3718
6531
2483
2985
2551
2621
2834
2007
2278
2309
2438
2794
2053
3336
2040
2353
1682
2624
3241
2850
6234
3105
3429
3194
2148
3289
3520
2389
2300
3458
2870
2513
2482
3003
2735
2319
3300
2423
7046
2481
2912
2680
2730
2377
3211
2600
2697
1662
1993
2833
3396
2828
2039
1983
2539
2014
2707
2281
2323
2680
2052
3221
1725
5146
2156
2171
3035
1966
2605
60791
2189
2443
3048
2830
3095
2211
3649
3936
2535
2390
2239
6373
2800
2150
1815
3295
1960
2607
2319
2009
2098
3244
2260
2547
3448
2557
2310
3479
2552
2129
2702
3134
3450
2605
2520
2637
4091
2758
2325
2599
2999
2356
2991
1875
2490
2488
3416
2122
2570
2900
1841
3692
2973
3886
2018
3116
2951
35360
2618
2534
2907
3088
2601
3000
2511
2136
2086
2307
1824
2767
2581
1697
3039
3305
2830
2511
2557
2595
2789
2973
2216
2241
2397
2003
2359
2435
4173
2526
3144
3644
2459
2920
2099
7189
2542
5940
2252
2903
2699
2782
3652
1798
3444
2598
2317
2260
3875
2908
1778
2087
3131
1943
2864
2830
2306
2312
2784
2453
2611
2034
2583
2417
2464
1925
2108
1922
1883
2302
2474
3386
2034
2743
2723
2348
2534
3527
3061
2018
2415
2218
3206
3151
2627
3026
2018
2300
3051
2875
2357
2688
2875
2835
2475
2379
3306
1893
3255
2042
2810
2909
3083
4965
3380
2997
2398
2120
1846
3039
2922
3036
1956
1870
2449
2257
2413
2243
3022
2178
2859
2174
6505
2913
2742
2472
2323
1821
2206
3605
1737
1998
2435
2279
2889
5524
2667
2369
3110
2494
3231
2087
2061
2219
2301
2830
2255
2006
2178
3676
2544
2356
2472
1610
3235
2577
2579
2913
1800
2687
2400
3186
2716
3475
3012
2460
2875
3974
1973
2915
2575
2647
2758
2785
3071
3569
2545
2796
2390
2130
3271
3023
3381
3087
3090
1906
2510
2493
2094
2890
2310
3181
1869
2733
3300
2359
3008
2817
2422
5579
1828
2031
2339
2717
2240
2136
2373
1910
38414
2536
2552
2957
1822
2138
2857
2718
3450
3148
2402
1801
2303
2213
3175
2001
2920
2842
1965
3092
2705
2492
2308
5936
3036
3143
2821
2914
2689
2506
3351
2299
2456
2541
6030
2310
3437
2215
2368
6380
1984
2940
2420
2188
2257
2559
2646
1986
3219
2387
2396
2203
2475
2590
2745
5375
2490
2683
3872
2514
2525
2770
2303
2352
2350
2668
2587
3539
2983
2298
2670
2224
1928
2004
2531
2569
2540
2857
1957
2653
2407
3009
2532
2216
2107
1704
2327
4322
3354
2568
1818
2468
1920
2338
2104
2017
3402
2645
2651
2943
1925
2377
2655
3754
2343
2003
1889
2541
2382
1907
2669
4122
2839
2665
3560
1872
1948
6616
2144
5822
2225
2207
2547
2747
2013
3156
1756
3362
2818
3083
2749
3477
2110
2201
2845
4239
1994
2997
2102
2004
3056
1920
4243
3482
3887
3492
3151
1649
2226
3401
1805
3842
2910
2446
2900
2331
2887
3531
3484
3068
2337
3149
3191
3304
2515
2615
6634
5000
6864
2534
2777
2637
2333
2025
2415
2416
1891
2209
2931
2984
2456
2935
2334
5538
2559
1987
2742
2820
2151
2494
3569
1919
3356
2315
1761
2929
2865
2529
3055
4223
2403
1999
2803
2224
2491
2599
2715
2046
1777
2480
3224
2250
2361
3772
3016
5103
1834
1844
1916
3634
3295
1814
1944
2360
6101
2473
2487
2530
1885
2660
2234
5842
3181
2168
2199
2576
2812
2281
2151
1974
1595
2420
2121
2190
3818
2246
1937
4144
2280
3379
2470
2062
3138
3630
2394
1772
2800
3163
3005
1608
1955
2974
2593
4019
2789
1730
3054
2293
3399
2151
3281
1670
2071
3494
3774
2730
2598
2465
2903
4879
2421
2209
2693
2453
3889
2108
1976
3017
2617
1942
2999
2926
2865
2330
3039
5437
2074
2267
1871
2698
2664
2723
2626
2795
2830
2922
6215
2139
2812
2735
2369
4511
2421
3262
2162
3036
1789
2138
2919
2250
2926
2220
2517
3025
3440
2167
2850
2837
2448
2563
2144
3142
167183
3392
2899
2727
3188
1677
2766
3934
1818
1966
3098
3241
2902
2616
2534
2496
2740
1783
2706
2785
2341
2237
2995
3000
3263
2889
1836
2528
2339
2915
3156
2525
2608
2512
2598
5546
2903
2207
3195
3709
2128
2434
3671
2257
5088
2083
2665
2842
2114
2886
2065
2183
3008
1705
2134
2498
2578
1882
2654
3017
2303
2387
1772
5950
2048
2427
3619
2353
2875
1940
2153
2962
2523
2225
2754
3435
179984
2028
2575
2951
3032
2627
2010
3803
2345
2368
2694
2588
2876
2066
2479
3305
2292
3262
2093
2840
2452
3015
2274
2804
2338
4056
2602
2376
3107
2342
2693
1862
2350
1899
2991
1774
2631
2291
1923
4609
2733
2449
2511
5226
3092
2547
2714
2305
6491
2501
2089
6388
3119
2728
2425
3874
2154
2419
2333
2756
66958
2616
2726
1852
2100
2191
2250
2918
6834
2133
2656
4853
2626
2457
2361
3204
3261
2886
2658
3182
2698
2245
3154
3012
3107
2439
2755
2397
2288
1623
2023
1941
2822
3493
2708
3785
2141
2354
2753
5406
1763
2622
2197
2245
1696
3022
2141
2713
2329
2213
2681
2153
3006
2316
2308
2703
2648
2655
1952
2741
6147
2108
2044
2333
3192
2165
1948
4199
3313
2053
3333
2080
2870
2322
1772
3007
2263
3110
2699
2173
1540
2923
1812
2455
91194
16969
2754
3032
2377
3625
1981
2420
2514
3363
2389
3862
2895
2466
2316
3014
2553
2412
2527
2102
2227
2409
6572
2238
2556
2061
2680
2475
2033
2477
5110
2246
2059
2351
2196
2365
2154
2167
2789
2102
2078
2959
2774
2850
2245
2359
2705
2252
2341
4248
1921
2274
3024
2588
2411
2718
2533
1865
3087
1504
2367
2926
2685
2790
2357
2948
2490
2519
4129
1941
2125
3796
1368
2622
3066
2513
2539
2365
3643
1914
2444
2264
2814
2993
3064
3331
3769
4963
3235
2741
2649
2097
3251
3711
1929
2358
3004
3067
2617
2361
2853
1686
3350
2034
2356
2444
5432
2514
6371
2943
3454
2992
3000
2559
2137
3199
2793
2695
2205
1948
2717
2640
2943
2236
3333
4223
2560
3188
2336
2580
2745
3452
2546
3392
2533
55898
2274
3107
2964
2630
2367
2165
2228
2807
3945
1913
3040
3422
2608
2528
2205
2245
3012
1972
4106
2878
2419
2764
2121
2021
2499
3226
1843
4696
2302
3805
2630
2930
1948
3039
2966
2710
2512
2264
2173
2563
2438
3402
2022
3929
3564
2297
3535
2318
1829
2598
2830
2315
1919
3419
3314
2407
2330
1980
2996
61917
3058
2375
2511
2090
2517
4530
2960
4111
2544
2147
2685
3522
2370
2891
1749
2249
2550
3594
2524
2848
6279
1996
2452
3120
4454
3303
2398
2691
2516
2441
2767
3091
2895
2465
3467
2983
2262
2580
2421
1940
2511
2284
2653
2207
2911
66335
2121
2883
1928
2975
2279
2404
3059
2374
2273
3389
2613
3039
2950
3350
4117
1711
6430
3206
2706
2474
2310
2059
2209
2461
2582
3127
2552
2832
6491
1756
2729
1678
2614
2230
3077
2307
2455
2848
2629
3213
3038
3376
3145
2808
2477
2345
2700
2633
1987
2162
4145
2057
2718
1971
2684
2373
2780
2924
2607
2228
2825
2250
3410
2823
2256
3125
2051
3069
2051
2193
6862
2359
2085
2097
2643
2776
3109
2784
2924
3486
2726
2663
2231
2218
2482
2593
3799
2239
2322
3076
2412
2580
2041
1949
5890
3681
2085
2895
3547
2815
2901
2699
3286
1855
2369
3041
1854
2263
2986
2195
2384
2872
2689
2177
1718
3279
2331
1727
2785
2315
2439
6599
2922
2928
2476
1852
2242
2395
2875
1559
2346
2474
2574
6098
2286
2832
2099
2748
2714
2318
3477
2439
2504
2051
3029
2815
2424
2462
2580
2497
2474
2457
2434
1869
3414
3026
2466
6504
3100
2619
2946
2624
2472
2510
2225
2212
2195
3251
2402
3753
2470
1782
2606
3653
2746
2257
3062
1917
3514
2560
2387
2677
2627
2434
3208
3238
2650
1749
2035
3564
1865
2861
1825
5373
2444
2361
2242
2743
3178
3231
2372
1928
3087
2530
2704
2446
2185
2235
3131
3007
2402
3319
3181
1891
2193
3501
2724
2847
3209
2782
2583
2538
2237
2292
2560
2840
2221
2142
2094
4654
2899
2335
3152
3263
2935
1771
2402
6047
2757
2396
2687
2194
3922
2673
1867
2093
2216
1770
3715
2490
2072
2825
2042
2493
3704
3671
2524
6592
2362
2692
2176
2444
2325
2762
2628
5788
3098
2133
3770
2624
2169
2599
2421
2146
2897
3105
3192
3057
2443
1993
3030
2486
2369
2912
2700
2621
2183
3224
2115
2595
2477
1770
2160
2787
2138
2587
2855
3284
2404
2765
2175
5715
2967
2859
2126
2600
2301
2320
3639
2921
6869
2283
3267
3195
2357
5213
2222
2373
2059
1817
2897
2339
2292
2944
2308
2423
2218
2562
3661
2435
2839
2701
2477
3119
2672
1910
1740
4941
2695
3162
2755
2389
3072
2913
3017
2199
2857
2139
2335
2215
3213
2438
2133
2441
1895
1944
2124
2257
2598
2048
2380
2091
3224
2759
2328
2454
2347
1893
2503
2321
2913
2264
3196
6198
2398
2729
3133
3125
2775
2728
2599
2562
1585
2369
2340
2827
2158
2711
6384
2898
2474
2652
2536
2429
2542
2698
2435
78803
1692
2307
2793
2933
2075
2321
2961
3540
3701
3409
2500
5208
2385
2453
2998
2240
2890
2656
1974
2836
2802
2580
2120
3226
3026
2456
2439
2935
2375
3244
2840
1929
2324
2922
3015
2724
2759
2617
2881
3379
3207
2425
2193
3319
2225
1935
2832
5046
2172
2265
3092
2854
3268
2304
2625
2172
2694
2759
2850
3017
2843
2375
3257
2391
3051
3003
2493
3234
2418
1906
2047
2501
2121
2443
85533
2718
2439
2363
5671
2750
2682
2072
1810
2713
2290
2588
2805
2907
2492
2934
3359
2914
1898
2141
3069
2420
2580
2443
2716
2334
3085
2474
2288
2722
2380
328744
2662
2143
2542
4527
2728
2086
2312
2355
2444
2377
1960
2774
2770
2259
1958
2455
3026
2917
3028
4984
2513
2666
2225
2135
2684
3466
2274
2659
3071
2702
7747
2033
2596
2155
4336
2587
3054
2849
35262
3011
2591
2534
2596
2745
2387
1858
2706
2658
2370
2148
3199
2134
1989
3265
3208
2069
2343
2040
1951
2647
2807
3379
2108
3230
3792
4764
2408
2891
2046
1929
3205
3756
3459
2763
2517
2981
2798
2508
3362
2623
2151
2251
2972
2591
3081
3389
2358
2360
2014
3098
2507
2266
2312
2346
2634
2923
4535
3029
2294
2554
2177
2654
2069
2389
1904
1748
2394
2376
2219
3278
2545
6331
2230
2700
3032
2443
1957
2244
2525
2424
2928
1439
3162
2897
3028
2150
2735
5463
2550
2193
2329
2744
3703
2075
1847
1870
2781
2643
2317
2944
2996
2667
2025
2690
2662
2670
2861
2946
2497
2770
2947
2833
2128
3144
3546
2853
2386
2462
4570
2182
2350
2333
2448
2306
2087
2340
2515
3015
2609
2505
2279
2682
1870
1901
2963
2136
2403
3138
1816
2066
2174
2692
2178
2634
2687
2984
3425
2738
2823
5192
2434
2382
2057
2837
2550
2103
2429
2562
2614
3018
2902
2402
2495
2738
4308
3506
2745
2632
1980
2982
2770
5053
2566
2643
3309
3025
1979
2780
2083
2972
2150
2396
2017
2076
2377
3007
3092
2717
2782
3191
2937
2422
2999
4447
1766
1781
2848
2149
2100
2508
2111
2707
2350
2032
2191
2994
2154
2597
1902
1815
2067
2756
3304
2352
2582
4290
3633
2964
2094
2976
2309
2731
2253
2414
3764
2280
3100
3019
2221
2214
2826
3025
2164
2290
2388
3666
2679
5649
2819
1868
2076
3303
2549
2112
2398
2090
2530
3092
1911
2527
2693
2166
2394
1889
2852
1894
3020
2510
2370
5399
2343
2344
3213
2266
2957
2431
2844
2687
3237
2512
2331
1845
2173
2606
1997
2063
2736
2596
1988
2779
1906
5998
2561
2236
2369
2346
3070
3377
2257
2843
2775
2611
2409
2108
3238
3131
2143
2733
2958
6597
2536
2246
2955
5125
2891
2906
2637
2347
3055
2088
2649
1733
3033
2692
2588
2342
2757
2338
2589
3362
3037
2613
2975
2080
1957
3123
2594
1809
2419
2623
2306
2708
2360
2733
2435
2314
1795
3024
2164
2912
2768
2528
2775
2870
2985
2397
1782
5741
2527
2717
2765
2271
2347
2076
3051
2885
3087
2199
2641
3355
3083
1902
2814
2589
3282
2582
2981
2530
2030
2422
2575
2530
4167
3276
2075
3346
2646
2185
2475
2398
2950
2449
2396
2258
2489
3305
3072
3976
2934
2622
2464
2590
2009
2045
2185
2151
2472
5057
2355
3197
3064
1888
2476
2704
3242
3053
2446
2478
2706
1869
2757
2383
2906
2558
3256
2647
3003
2890
2215
2295
2455
2219
4292
2936
2393
2360
3042
2598
2894
2821
2613
2022
2104
2967
2405
2795
2439
2969
2565
156114
3267
2304
2609
2499
3143
2689
2673
4947
2899
2065
2034
3097
2290
2483
1653
2352
2793
2417
1949
2354
3167
2437
1508
3334
2474
3457
3279
2857
2708
2590
2869
2389
4783
2726
2504
1957
2819
1915
2176
2349
3162
2578
3029
2656
2777
3257
2573
3098
2773
1980
2123
2397
2750
3001
2859
2781
2447
4592
4355
2398
2120
2310
2651
2974
2235
3538
2280
3095
2180
3126
2118
3076
2891
2451
2862
2948
2914
1852
3110
2281
2197
2656
4583
2886
2263
2890
2684
1947
2821
3158
2221
2670
2720
2901
2836
3322
3027
4016
1602
2245
2346
2490
2185
3005
3203
3193
3325
4353
2512
2231
3047
2280
2452
2572
2345
2708
3005
3023
2749
3217
2476
2482
2279
2816
2276
2994
2338
3201
2315
2918
2194
3164
5189
2654
2969
2844
1923
2565
3002
2052
3060
2289
2737
3046
3426
2825
1969
2678
2773
2282
2545
2858
2153
2527
2991
3294
2229
3424
1957
2002
2060
2751
2245
6242
2750
2881
2397
1938
2322
2580
2850
6087
3628
2188
2375
2539
2926
2265
3161
2338
3050
2133
3267
2135
2228
1863
2836
2390
2359
3391
2090
3444
2223
2135
2294
4649
2525
3208
2421
3209
2098
1845
2379
2781
2435
2881
2611
2925
2084
3459
2781
3105
3002
2204
2764
2663
2676
1906
3237
3700
2301
20748
3041
2115
2159
2304
2875
4926
1814
2390
2228
2390
1959
2722
2231
2157
1925
2548
3146
2786
2609
2348
2951
1671
3092
3977
3116
2872
2792
4092
3108
2227
2353
3176
2217
3700
2054
3147
6047
3096
2817
2702
2782
2526
2768
2375
2200
2178
31750
2364
1840
2222
2576
2800
2119
2710
6210
3432
2285
1691
3435
2459
2019
2164
2481
2939
2213
3694
2783
5408
2245
2510
3112
3456
3041
2353
3918
2301
2310
2941
2668
3383
3443
2240
2619
3160
2613
2130
2221
3390
1984
2230
2491
2776
3518
2545
2537
2706
2642
3009
2394
5432
2582
2192
2790
2399
2367
2955
2286
3901
1998
2973
3195
3106
2796
3709
3728
3056
3044
3061
2134
2325
2404
2858
3440
3391
2920
2463
3120
3017
2398
2647
3075
5138
3286
2478
2260
2254
2264
2956
6908
2097
3078
2512
2076
1978
2470
2486
3041
1982
3250
2868
1735
2630
2841
2417
3661
2262
2767
2264
3000
1996
2363
3160
2603
2508
2067
2459
5202
2917
3285
2656
2854
2303
2344
2722
2639
2712
2560
2451
2607
2401
2433
2720
2038
2802
3187
3885
3414
2657
2665
2202
2278
2642
1986
2148
2142
3414
2447
2996
3636
1958
2388
4042
1899
2586
2290
2538
1990
3743
1978
2443
2366
3185
2080
2137
1968
6713
3073
2268
6254
2868
2139
2146
2047
2519
6710
2914
2882
2556
2905
2934
3038
3169
3310
2612
2795
2658
4241
2708
2595
3026
2687
2361
2578
3329
3035
2822
2743
2060
3616
2295
2728
2831
3017
2874
2685
2400
2814
2842
2924
2233
2333
2488
3472
2844
3401
2506
3554
2485
3085
2057
2329
4443
2536
2200
3158
2509
2453
2842
2053
3526
2831
2861
3279
2567
3202
2803
2835
3451
2747
2852
3166
2451
3744
3219
2970
3105
2972
2660
2195
3014
2519
2419
2554
42166
3271
2098
4338
1915
3221
76467
2125
3829
2430
2126
2907
3584
3123
3049
3544
2766
2784
1952
2440
2627
2490
1840
2520
2333
2203
2205
2941
2545
2426
1997
2051
2278
3572
2989
2429
2974
2964
3798
2386
2857
2827
2484
2489
2464
3250
2369
2865
2389
2153
2556
2625
2621
3576
2808
2132
1970
2313
1364
2259
2781
3099
2870
2078
2829
3210
2342
1980
2112
2418
2077
2906
2438
4296
2004
2402
2289
2424
3204
2037
3468
2373
2629
2811
2186
3328
2294
3286
2382
2095
2386
2247
2288
1963
2468
2398
3422
2845
4020
2606
2888
5593
2647
2489
2455
2701
1483
2839
3514
3208
4072
2487
2267
2104
2206
2580
2469
3568
2771
2941
3156
2838
2870
2433
2900
2397
2126
2913
2114
5323
3154
2764
2115
2179
2937
3084
2534
2269
2937
2538
2262
2280
2238
2981
1967
1937
2390
2984
6158
2795
2397
2764
2686
3178
2621
3089
1964
4064
2497
2468
2379
1454
1898
3078
2688
3155
1487
2553
3358
1922
3138
2441
2763
2238
2375
2991
3165
2666
3169
2655
1927
2837
2381
2584
2562
5783
2878
2938
3036
1585
2398
2526
2470
2738
1838
2530
2247
2675
2348
2531
2730
2795
3440
2700
2206
7055
2672
3197
2612
2308
2755
2415
2579
3217
1863
2549
2351
2026
3118
2758
2005
1957
3741
2950
4047
3427
3681
2322
2462
3295
6459
2205
2089
2837
2604
1990
2823
1883
3309
3297
6757
4157
2022
2202
3155
2211
3672
2845
2610
2780
3202
2444
2944
2966
2830
2144
2266
2083
2679
1983
3171
3168
2173
91079
2171
2249
2997
3338
2106
5682
2794
2648
6776
2608
2688
3156
2160
1740
2113
3671
3146
2510
2836
2061
2710
2683
2456
2946
2787
2519
2829
2242
3013
2615
3050
2448
2241
3051
2033
2568
2186
2197
2714
2541
2206
1954
3002
2618
2813
2870
3105
1928
2865
3463
2910
2553
2480
3027
2404
2555
2680
2463
2202
2685
2637
6134
2126
2328
1970
2695
2323
3288
2073
2815
1872
3217
3409
3069
2203
2392
2597
1944
2248
2930
2605
4879
1909
1916
6415
2239
2769
2287
2805
3826
3304
2995
3066
2994
2059
2571
2685
2085
2454
3077
2906
4879
3154
2824
3136
2477
2378
2984
2519
2313
2970
2209
2565
2545
2283
2639
1958
2493
3069
2516
3123
4163
2180
2708
3726
2972
2456
2389
2380
3358
3657
2277
2189
1871
2097
2105
2612
2879
2671
1988
2113
5579
2968
2306
89676
2137
2161
1879
2456
2053
2717
2484
2905
2818
3056
4268
66315
2035
3236
2908
2776
4116
3725
2747
2180
2924
2268
2521
2796
3123
2392
3229
3063
2829
3723
3122
1923
3287
2497
2854
2120
4026
2344
2947
2573
3045
3073
3187
2266
2505
2975
2698
2517
3170
2666
2165
2232
3223
2948
2549
1873
5450
2124
2679
3145
2822
2554
2661
2980
2958
2354
2305
3148
1965
2393
2729
2147
2960
2827
3166
3021
5713
1826
2065
2853
6678
2618
2329
2110
3179
2389
2607
2651
2095
2372
2184
3280
2291
2241
3260
2784
4009
1784
2206
3434
3528
1805
2303
2239
3125
3399
2414
2095
2212
2983
2111
2548
2588
2312
2610
2826
5426
2665
2036
2393
2161
2377
2172
3242
2253
1953
2350
2718
1911
2570
2121
1940
2759
2789
2852
2982
3316
2797
1785
2872
2677
2393
2121
2287
4070
2116
1952
2717
3202
2301
2164
2214
2426
2753
3331
4414
2142
2062
1923
2206
2751
2362
2120
2082
1936
3023
2469
3367
2379
2543
2417
2613
1853
2444
5428
2515
2977
2534
2231
3204
2358
3294
2411
2059
3130
3027
2939
2381
2449
2985
68734
2700
2032
4331
2632
2213
2305
2214
2290
2244
2064
2851
2464
2343
2231
3378
2286
2623
2214
2593
2206
2212
3689
3177
2309
2550
2484
2502
6121
2072
1901
1995
3282
2154
1762
3582
2467
2657
6487
2366
1972
3638
2717
2426
2858
3528
2284
2575
2965
3384
3544
2366
2786
2031
3893
2817
3595
2033
2361
3343
3833
3019
2188
3594
2538
1901
2827
2505
2117
2876
2738
2599
1949
2705
2910
4550
1793
2293
2343
4847
2792
2807
1953
1854
2381
2180
2788
2045
2975
1759
2795
3089
2701
2396
1984
2299
2404
3170
3026
2914
2450
2078
1956
2244
2671
53422
3025
1951
2985
2101
2548
3513
2833
3005
3671
3002
2538
4614
3259
2159
2813
3533
2936
2905
4221
2469
2312
2685
2745
3357
2917
2844
2291
2587
2449
2369
4780
2862
1531
2089
2081
2642
2911
3059
2669
2645
3991
2478
2684
3770
2277
121923
2311
3426
2635
5939
1923
3202
1993
2250
2175
2767
1797
2281
2565
2714
2650
2376
2656
2304
2778
2473
2809
2380
2240
3586
5524
6970
2466
3036
2282
2169
2494
2978
2783
1846
2417
1629
160464
2107
2417
3082
2632
1682
2940
3271
31912
4796
2883
2444
2324
2873
6360
6300
2513
2906
2671
3620
3206
2329
2265
2628
2764
1647
3199
2813
2355
58039
4324
2466
1773
2954
2959
2574
2845
2115
6204
2637
1559
1696
2555
3832
2902
4140
3151
1953
4243
2450
2811
4307
2380
3330
3169
2152
1715
3204
2238
2354
1674
2899
2735
2024
1850
1917
32130
2097
1889
2390
2999
2783
4913
3035
2619
2513
174830
2401
2431
3026
2065
2650
6324
2020
2825
1906
2945
2862
2191
2708
2036
3494
2931
4064
3450
2425
2590
3498
2921
2555
2679
2772
2773
2362
2506
2367
2852
3394
2380
2042
1659
2966
2176
1777
5651
2381
3022
2488
2936
2212
2109
2072
2152
2162
3039
2547
3021
2621
2495
6312
2317
3101
3306
2254
2264
3180
3139
2705
2356
2397
3159
1908
2204
2587
2316
1533
2091
2233
2135
2478
2828
3592
2246
2004
4260
2223
4173
2720
3179
3040
1839
2204
2989
3241
3106
2992
2671
2144
3192
2491
2325
1681
4204
2394
3608
2847
2161
4146
3577
1683
3274
2375
1710
2732
2855
2340
2767
2900
3126
2187
1882
2910
2530
2930
2985
2035
2840
1813
5007
3411
1739
3318
3535
2001
2870
3132
2533
1938
2438
2904
2786
2104
2443
5886
2827
2272
2581
2600
2518
3226
2343
2142
2859
2903
2455
2964
5246
2317
2036
2364
2618
2597
2178
2507
2460
2954
2377
7640
2182
5931
2245
2364
2637
2149
2517
2542
2698
3256
2939
3150
3487
2424
3094
2161
5717
2372
3039
3042
2745
2840
3575
2545
2660
2683
2546
2445
3145
1906
3466
2203
3326
2455
2067
2817
2154
3175
3114
2106
3141
7202
1819
2565
3761
2018
2674
2324
2455
2264
2441
2340
2136
2273
1998
2778
2594
2093
2536
2473
2237
2671
2362
2897
2243
3675
3024
3292
2642
3709
3190
3048
5175
2089
2529
2620
2790
2581
1743
2834
3287
2319
2827
3341
2460
3377
2250
1924
3669
3105
2003
2477
2607
2439
1557
2697
2861
2603
6818
2921
4562
3011
2832
2278
2667
2625
2772
2542
2467
2786
3586
2306
2470
2109
2971
3079
2374
1847
2540
2239
2894
3108
3170
3165
2487
2319
2556
2104
3853
2505
3196
2074
1578
3020
2714
2301
1937
2246
3613
2529
2285
2159
1840
1741
3217
2993
2217
2039
2103
2371
2396
2598
3377
2802
2962
2816
3766
3087
3365
3428
2755
2192
3286
2140
2368
1919
2217
2980
2934
2525
2183
3053
2809
2030
2638
1774
2333
2449
2239
3358
2322
2084
2080
2262
4296
3451
2464
3380
2678
4813
2136
2006
2737
2348
3076
2503
2406
2495
2436
3241
3080
3056
2490
2352
31624
2541
2225
2535
2587
2215
2788
2958
1704
6329
2725
1203
2557
6340
2131
2732
5132
1834
2357
2949
36236
4237
2639
2786
2987
2671
2280
2678
2317
2810
2707
3272
2102
2610
3102
2219
3352
2795
2848
1880
2364
3250
3403
2548
4186
3566
2187
3011
3182
2625
1848
2032
5779
3340
2375
2013
2353
2421
2791
2145
3522
2458
2769
3090
2288
2178
2940
2437
3148
1732
4355
2817
2010
2244
2781
3085
2052
2809
3347
2747
3461
2512
2545
2417
2906
2835
2548
2413
5013
1979
3143
2542
3081
2771
2172
2290
2505
2203
2045
2587
2450
1681
2624
2707
2544
2303
2110
2233
2375
2332
2498
2656
2910
2899
2638
2661
3068
2466
3023
2018
2846
3394
2365
2677
5076
2449
2260
2365
2915
2282
2576
2049
2437
1952
2714
2714
2210
2042
2499
1784
2698
2299
2963
2949
3336
1965
2137
2357
3740
2541
2115
2809
2110
3140
2004
1964
2037
1907
2206
2501
4680
1626
2543
2093
2347
2769
1971
1822
2698
2444
2228
2370
2451
2718
2658
2808
3108
2941
2769
2481
2685
3052
1985
1838
2231
2528
2217
2203
3097
2616
1797
2240
2525
2911
2084
2609
4892
3176
2199
2298
2514
3242
1945
2630
2302
2410
6232
3328
2405
2887
2993
2100
2441
2219
2845
2484
2747
2495
3611
1775
2863
2432
2219
3126
2537
2375
7060
2355
3065
3169
2545
2531
6428
2257
2489
2749
3019
1998
1897
2617
2545
2633
2245
2673
2253
2583
1851
2155
2593
2836
3032
3380
4939
3019
1623
2779
2798
1951
2238
2481
2229
2717
2737
2267
3431
2337
2503
2466
2490
3098
2419
2471
4713
3030
2449
2861
2072
2441
2083
1712
2126
2182
3305
2919
2422
2508
3128
2628
2097
3475
3185
2863
5367
2812
2476
2559
2224
3096
2044
2764
1878
2449
2637
2596
3806
2232
2161
2361
2524
3485
2115
2443
3289
1931
2645
3018
2430
2189
2794
2906
2731
2870
2060
2054
3289
2511
2673
2939
2437
2522
2870
2345
4463
2251
2122
2325
2905
7822
2285
2973
1900
2694
2176
2491
3163
2895
6546
2257
3227
6675
3486
1898
5678
1953
2421
2159
2813
2395
2224
4000
1943
2418
2755
1951
3715
1666
1723
2637
2760
2943
2886
2532
3898
2010
3360
1774
3373
3181
2525
2922
2446
2029
3129
3234
3494
2512
2618
2963
2894
2757
2950
3889
4393
1951
2193
2747
2698
2989
2999
2525
2667
1842
2247
2851
2323
2365
2681
2423
2448
2329
1912
3033
3820
3381
2125
2452
2326
3379
3047
3456
2522
3221
2367
2939
2606
2792
2075
2531
3265
3120
3094
1730
5303
6450
3012
2185
2833
3704
2280
2507
2471
2841
2998
2401
2687
1644
2416
2258
2312
2042
2626
2817
3968
3151
2473
2581
2510
2789
2756
2334
2362
3490
1786
2791
2401
52052
4077
2080
2519
2572
2420
3248
3005
2628
3494
2762
5288
2357
2289
1867
2615
2037
3198
2361
2941
1874
2750
2193
2530
2348
2029
3239
2747
2043
2119
2672
2035
2354
2628
3387
5206
2977
4488
2259
2196
2771
2575
1688
1799
2232
2707
2259
3398
3660
2114
1972
2210
2472
2577
2630
3065
2562
2610
2766
4489
2848
2271
2241
2527
2837
2468
2360
2344
2529
2418
1766
3053
2607
3224
2526
1890
2118
2036
3331
2235
2210
3112
2556
4257
2307
2400
2226
2278
2264
2229
2351
2473
6426
2204
2973
2448
2134
2174
1938
2382
2507
2607
2500
2997
2707
2958
1918
3984
2124
2068
2375
2253
2549
2261
2339
1725
2055
6289
2997
1750
2499
2055
2086
2619
2243
2394
2496
6410
2754
2744
2970
5893
3103
2571
1837
2199
2201
2965
2415
3056
2525
3362
3749
1566
2928
2393
2289
2276
3814
2608
2645
2335
2375
2561
2925
4232
2689
2342
2635
1964
3171
2167
2836
2485
1906
2486
2021
2999
3288
2039
4066
2270
2053
2747
2837
2850
2949
1875
3139
4936
2791
2036
2402
2615
2095
2348
3583
3551
2879
2399
3784
2681
5178
2717
3163
2597
2252
2404
3013
1991
2357
2322
3642
5250
2150
3041
1997
2917
2145
1964
3316
2337
2667
2291
2580
2229
2167
2768
2511
2759
2438
2421
2773
2574
2866
3473
2709
2240
2143
2038
2281
2502
3073
3571
2252
5196
3410
3292
3483
3303
2505
2782
2424
2503
3518
2064
3245
2599
2629
2068
2166
2255
2478
2811
2027
1732
2868
2571
2101
2591
1831
2910
2984
3190
2207
2590
2885
4681
2431
2266
2799
2701
2036
1807
2329
2573
3112
2289
3027
2968
2889
2320
2517
2001
3498
2240
3292
2289
2379
2282
2441
1949
2547
3479
2628
2083
3085
1924
2574
4935
3053
2488
2580
2294
3065
2562
3090
2720
2056
2612
2229
3000
2758
1753
3106
2485
2035
1924
2290
1858
2480
2308
2540
3748
2871
2184
3108
3065
2523
2921
1956
5695
2303
2688
2034
2765
2250
2687
1815
2503
1804
2277
3260
2684
3028
2517
2031
2092
2017
2370
4019
3183
3079
2445
2912
3051
2601
2340
2596
2168
3045
1934
2650
4279
3198
2916
3756
3466
1769
3512
2072
2368
2325
2880
2448
2126
2991
3379
2412
3393
2174
1842
2968
3145
2061
2054
2416
2667
3135
3280
2797
2504
2663
2852
2675
4829
2772
2749
2498
3920
2185
3958
3206
2899
2186
2503
2653
2884
2866
1854
2780
2031
33741
2555
3086
2343
2867
2898
3210
3600
2144
3218
3102
2774
3053
2105
1880
5210
2384
2201
2286
3082
2993
2226
2536
1736
3063
2706
2875
2553
3415
2280
1836
2868
2452
2247
2212
2701
3128
2776
2602
2955
2218
3753
2097
3296
3034
3022
2462
4673
3054
3251
2960
1815
2246
2347
2867
2759
2342
2195
2604
2476
2441
2733
1753
2244
2768
3179
4741
2571
3279
2104
2298
2293
2181
5919
1850
3367
2785
2251
3072
4061
2725
2706
3125
3052
3022
4123
2672
3088
1947
2270
2019
2062
2228
3732
2237
2619
2012
2123
2588
2836
3221
2983
2925
2158
4500
2029
1903
1888
2406
2627
2686
2623
3175
2385
3172
2538
2248
3112
2784
3223
2261
3074
2872
5129
1906
2543
2323
3981
2733
3396
2685
2378
2113
2125
2159
1761
5365
2938
2992
1993
2502
2689
5509
3417
3650
2461
3084
2309
2993
2241
2589
3223
2374
2590
2231
1972
2736
2438
2307
3074
2516
4097
3111
3182
2083
2536
2851
3034
2640
3346
1845
1893
3363
3833
3587
2386
4061
1969
2625
2489
4997
2099
2497
2620
2594
2038
3239
2042
1891
2323
2151
3423
2193
3011
3146
2479
2554
3056
3099
4233
2102
2359
480790
1906
1858
3169
3303
2294
3550
2973
2953
2236
2458
2326
2272
2633
2866
2294
4766
2320
1910
2636
3079
2733
2319
2640
3141
2589
1622
2392
2432
2596
2674
2615
2491
2340
2388
4535
3242
2714
3686
2139
1750
2863
2436
3040
2868
2368
2900
2568
2475
2259
2055
3234
3125
2320
4746
2955
2883
3003
2092
3402
3120
1846
2376
2905
1679
2448
2594
2612
2920
2444
2684
2094
2506
2074
2953
2847
3645
2237
6671
2010
7108
2326
3086
5574
2087
2885
2680
2767
2393
3027
2029
2020
2795
3305
3076
2142
3577
3018
3010
2210
1909
1872
2170
3819
2116
3261
2392
1975
1742
2079
2052
2771
2262
3849
1835
2413
2988
1825
2949
2534
2596
2937
3252
2730
2889
2859
3012
2336
2960
2844
2770
2827
3418
3194
2009
1990
2473
6116
1881
1794
2259
2556
2182
5392
3284
2419
2388
2355
4005
2101
2785
2158
2705
2360
2276
2371
2559
2976
2706
2335
3086
3295
1713
2946
3145
2538
3273
2882
2588
2416
2241
2481
2522
6026
3281
2800
3296
2864
2902
2553
2310
2130
2077
1690
2793
2748
2551
2497
2058
2670
3463
2418
1913
2748
2341
3029
3195
2867
2185
3166
3097
1839
2113
4301
2479
2950
2856
2827
3221
2914
1912
2632
2992
2136
2449
2265
2691
1912
1980
2703
2189
2184
2858
2994
3003
2770
2507
2982
2508
2679
2653
2519
1199
5281
2899
2533
3009
2221
2639
3304
2476
2673
2401
2696
2476
2063
3185
2428
3763
3146
2620
2551
3353
2703
2364
2409
3031
2532
3044
2795
3048
3613
2245
4867
3164
3021
2614
2499
2668
3447
2209
1882
2144
2302
2443
2758
1821
2838
1833
3565
2408
3242
2857
2939
1836
2856
1926
2372
3324
2276
2489
3187
2712
6779
2845
2580
2708
2234
3006
2843
2369
3249
2462
2495
4146
2890
3239
31349
2004
2376
2385
2250
2931
2469
2388
2716
2321
2750
2476
2997
4033
2817
2996
3084
1894
6416
2371
2505
2792
3796
2182
3061
2856
2757
3174
3206
2685
1914
2423
2412
2691
2504
2457
3109
2430
2508
3357
3537
2625
3040
2855
2936
1996
2134
2450
68425
2382
118130
2624
2840
2855
1924
2175
3520
2153
4186
1960
2944
2457
2466
2933
3492
2812
2215
3982
2176
1984
2984
2224
2881
2914
3734
1835
2456
2350
2960
2636
2798
2407
2605
2443
2192
2150
2534
2476
2228
2589
3193
2478
2035
1743
3995
114960
3251
3317
3075
2126
2469
2550
3492
2583
2825
2150
2987
2300
2892
2617
3000
2033
2029
2860
2629
21433
2610
2366
3019
1845
2289
3175
1680
2153
4035
6713
2201
2093
3223
2383
2422
2924
1938
2650
3128
2351
2298
2920
2914
2743
2723
2601
2602
2182
2628
2609
3121
2009
4520
1719
2349
2400
2490
2578
2921
1981
2876
2558
3423
2586
3040
2970
3263
6888
1960
3377
2877
3728
1991
3253
3015
2746
2111
2377
2122
4208
2247
2427
2597
1785
2351
2168
2068
2506
1963
2114
2566
2884
3021
1937
3049
2843
2298
3190
2664
3206
2171
2559
2920
3359
2268
3240
3770
3024
2713
2202
2410
2545
3904
2179
2945
51922
1899
2885
2732
2516
2634
1895
2553
2597
2312
2195
2542
2913
2393
2282
2504
3102
3138
2734
1748
1884
2963
2442
2977
2745
3308
2310
5275
2191
3234
2506
6476
2463
3114
1888
2790
3050
2564
2391
1816
2969
2453
2094
3190
2488
1741
2911
2936
1986
1920
2143
3018
2772
2357
2894
2558
2416
3235
2728
3314
2986
2388
3097
4900
2447
2282
2423
1995
2331
2673
2595
2257
2178
3003
2279
2449
2546
2401
2268
1938
2060
2173
2421
3639
2518
2235
3173
2956
2307
2373
2575
3032
2084
2874
2339
6882
3146
2251
3577
3382
2801
2375
1879
3482
3375
3293
3089
3019
3033
2543
3094
2594
1937
3089
2520
1756
3267
2001
3249
3185
2455
2467
2734
2141
1961
2428
2461
2417
2498
2638
2667
2198
2298
1653
2281
4410
2589
3276
2710
2817
2660
3656
2161
2512
2991
3048
2502
2297
1770
2635
3066
2343
3240
2325
2606
3204
1895
2819
5702
3001
3406
33582
2030
2142
2923
2200
2865
2054
1715
1580
2246
3801
2549
6130
2233
2545
2698
1733
2023
158847
67021
2451
2414
2907
2084
2817
3371
2203
2183
4083
2920
2288
6763
3209
1963
2436
2694
3074
2349
3267
3781
2715
2767
2624
2839
3015
2930
3950
2285
2515
2269
2613
2353
2909
2709
2389
1910
2806
2653
47393
2435
3996
3048
2374
2514
2318
1726
2245
3184
2956
3249
1975
2900
1848
2698
2966
2132
2285
2582
1653
1448
1884
2224
5351
2348
2524
2511
2774
1865
3157
2516
2548
2822
2689
2691
1875
1852
2135
2774
1820
3037
2598
2900
2581
5765
2261
3056
3351
2396
3235
2676
2298
4089
2437
3552
3299
2814
3629
2878
2964
2160
2661
2654
3441
2214
4410
2619
1731
2754
6792
2574
2181
2637
1865
2233
2537
1679
2402
2640
3055
2124
2833
3416
2442
2986
2107
6204
2940
2790
2244
2139
2233
2554
2726
2282
2864
2058
2936
2372
2376
3080
3102
2625
2446
2640
2760
2151
7338
2694
2698
3788
3310
2781
2571
2456
1892
1881
2344
3028
1919
2460
2959
2203
3547
2211
2503
2338
2719
5443
3431
2677
3278
1973
2151
1671
1947
2274
2961
2285
2225
3200
2411
2444
2479
2828
2046
3160
2456
2667
4752
23128
2352
2620
2278
1997
1882
3131
2487
3122
1749
2445
2990
2560
2090
2440
2334
2380
2009
1941
1928
6263
2179
2233
3254
2270
2923
2482
2902
2470
1971
3314
2456
2823
3235
1865
2778
3290
3203
1827
2388
2469
4718
2308
2721
3165
3212
2759
2234
2827
2811
2512
1963
2157
3219
2054
2217
2852
2177
3005
2253
2218
3373
5309
3249
2674
2549
2162
3357
2177
2493
2385
2122
2368
2775
2211
3434
2676
2306
2640
2097
2932
2749
2563
4546
1926
2840
2419
2874
4104
2571
2391
2396
2352
2625
3211
2723
2791
2869
1659
2168
2251
2913
2433
2540
5448
2498
3000
2539
2730
3000
2064
2813
2754
3736
1992
2950
2890
1957
2199
2154
2628
2695
2244
3204
5259
2382
2760
2498
2205
2034
2354
2411
2159
2561
2411
3050
3003
2322
2776
2865
6131
2732
2400
2574
5277
1781
2811
4058
2856
3437
2660
2424
2428
3098
2751
2114
2890
3007
3018
2565
1925
2333
2225
2625
7194
2961
3025
2365
3024
3183
6057
2280
3273
2841
2905
3238
1910
2192
2864
2385
2529
2823
2880
2663
6220
3140
1712
2078
3273
2765
2990
1790
2099
3042
2830
2470
3204
2355
2634
2013
3174
2879
2892
2799
5781
1722
104363
2257
1826
2352
2663
7176
2490
2374
2382
2459
2428
2226
2594
2801
2234
5954
2188
2102
6004
2452
2314
2765
2794
3053
2899
1897
2184
2741
1981
3315
2790
2125
2718
2382
2372
2114
3249
1779
3375
2375
2877
2712
2603
2369
4367
2738
2453
2816
2459
1990
3321
3319
2232
2423
1968
2566
2742
2427
6060
4155
2537
2062
3071
2803
2614
2657
2210
2955
2979
2834
2394
2370
3253
2838
1945
3204
2632
2238
4643
2402
1986
2205
2635
2827
2272
3143
2320
2200
2527
2359
2275
2058
1610
2524
2798
7195
2805
2831
5129
3248
2485
2358
3595
2836
2768
3067
2716
2796
2689
2437
2662
3122
2432
3783
2634
3278
3334
2895
2478
2134
2383
2945
1950
2880
2869
1780
2637
3439
2638
3072
6465
2521
3068
3061
5542
2121
1982
3218
2345
3114
2909
2725
2286
2952
2415
2785
3455
2762
2087
2468
2095
2055
3149
2521
3285
2926
3877
2475
2565
2750
2207
2292
3426
2889
2435
1931
2743
75809
2587
3178
4482
2199
3098
2298
2731
2940
2465
2695
3047
3148
2659
2381
2348
2153
3210
1968
2603
3178
3133
2915
2500
2052
3324
2305
2214
2259
1811
2321
2163
1935
2693
2266
2507
2813
1941
3113
4259
2663
2702
2594
2651
2901
2349
1595
2261
2672
3378
2812
2342
2982
2273
2371
3380
2733
2918
2583
2312
2807
2155
2665
2272
2276
3011
1579
2928
1748
3106
1760
2539
2594
2310
2812
5447
8142
2865
2948
2204
2565
4524
2052
2680
2421
4557
2397
2237
2390
2487
1852
2206
50134
2649
2183
2679
2192
1570
2050
2349
2163
2311
3029
2415
2349
2128
2158
2946
2083
3169
2386
3483
2095
2628
2338
2740
2279
2088
2733
2294
2512
1908
6077
3318
2112
3840
2237
1993
2486
3424
2247
3187
2763
3303
1848
2035
2441
2498
3089
3011
2158
2885
2565
3103
1518
2629
1977
4250
2919
2714
2617
1879
2988
3405
2359
2490
1803
2633
2383
2648
4243
3348
2336
2460
3000
2046
2144
2766
3785
2506
2875
2767
2306
2786
2637
2327
3002
2190
3176
2259
2959
3138
2792
4307
2504
1631
2514
3205
3128
2664
2875
2129
2363
2465
3120
2377
3023
2992
3108
2795
1997
2130
2227
2503
3066
3041
4527
2347
6540
3306
2722
3089
2755
2621
1884
3070
3219
2282
1934
2272
5946
2485
1823
2731
2094
3647
2234
2256
3041
6875
2537
2366
2569
2841
2692
2421
1710
2272
2163
32835
2580
2410
2215
2991
2058
2781
3096
2217
2277
2327
2166
2653
4083
2246
3610
1625
2953
2708
4132
3191
2328
2901
2141
2875
2213
1849
2274
1957
2593
2183
2096
3048
2411
1883
2627
6419
2545
1914
2140
2512
2518
3366
2403
2470
2248
2159
2854
2764
2723
2292
2842
2443
2615
2843
2776
2773
2120
3032
4004
2900
3454
2274
3232
3406
2293
4076
2642
2168
2736
2036
1963
2608
1989
2633
2459
2019
2162
2654
3078
2047
3091
4783
2458
2817
2448
2458
2702
1933
2488
2858
2254
2446
6474
3247
2064
38257
2803
3045
