9538
7840
7414
7707
7682
7539
7897
7531
6901
6817
7099
6968
5985
6234
6393
8577
7600
20038
7667
7424
6457
6065
8432
6349
7165
7165
5962
9014
7663
8121
6899
7725
7818
7410
5742
7155
8810
7825
7343
7905
7875
8154
7938
7519
7658
6154
7167
8111
7683
7923
7273
6923
6834
7594
7918
8107
7604
8000
7074
7180
7238
6873
7915
8896
5875
7085
6051
7220
7904
6582
6832
7954
7378
7279
7565
7879
8178
7961
9609
7388
7820
7337
6448
6882
7525
7587
8555
7659
6584
8100
19008
9593
7006
7231
7826
7131
6629
7512
7899
7530
7599
7458
7204
7000
6893
7189
6760
9040
8542
6593
8222
7526
6805
8696
7239
8815
7433
8557
7917
8251
8382
9012
7725
8081
7636
5858
6730
7725
6120
7144
7354
7674
7752
7942
7896
7953
7445
7831
8218
6784
7417
7413
8009
7472
9088
6833
6736
6865
7373
7974
8337
7740
7830
7761
6955
7280
6974
5632
8112
6188
6328
8693
7298
7598
8051
8063
7595
7625
6932
8721
7698
7467
7022
7710
7192
6856
7396
7422
8079
7690
7281
6926
7670
19535
7665
7816
7589
8405
7771
7651
7291
8493
6974
7860
8582
7581
6450
7932
7796
7950
8085
8350
8116
8914
9076
7514
6857
6421
8104
8366
8551
7900
6681
8496
8610
7259
6460
6513
7033
7234
7129
6652
7928
8193
7713
6841
7173
7773
7641
6869
8202
6471
7921
6848
5773
7469
8684
8078
8273
7988
6656
7833
7118
8771
8785
9494
7179
7495
7637
7876
7556
7599
7446
8663
8605
8098
7068
7219
8455
6896
6771
7727
7591
7299
7629
8585
6912
6977
8027
7527
8003
7249
7959
8010
7554
7386
6803
7521
6676
8056
6656
7592
7631
7664
8584
9569
7946
6999
7784
6083
8079
6455
6829
7083
7660
6037
8493
8216
7424
7693
7126
6970
7678
5864
8070
7295
6782
6543
6936
8256
7201
7917
8213
7716
6315
6895
6457
7420
6169
7024
6663
6717
6623
7163
7347
7856
8760
7487
7683
7648
7103
6049
6797
6671
7210
8820
7467
6729
7600
7381
7706
7159
7494
7291
9316
7637
7960
7530
7508
7026
8080
7387
6667
7067
7466
7437
8368
6730
7781
8449
7860
6647
7807
8113
10471
8545
18976
6464
9404
7344
7942
8830
9868
8437
8106
4911
7140
5476
7295
7634
7684
6855
7301
7767
7557
8009
7072
7949
7305
6671
8164
7818
7682
9045
7880
7253
8478
7703
7708
7867
8346
7155
7981
5931
8165
7815
7138
8442
7223
8232
8881
6743
7352
6776
7049
8042
8539
7867
6620
7469
7869
7419
7560
6476
7539
8665
8545
7418
6566
19313
7844
7863
7693
6886
8578
7858
7754
6498
7363
6806
7719
7637
7543
7591
6427
7176
7547
7154
7804
6264
7916
6901
7770
7071
7970
7234
6639
6844
7994
7819
7675
8242
7729
6909
7208
6800
7314
7126
6488
6411
7921
6250
7526
8580
7597
7736
8437
7834
8488
7324
7353
7418
9554
8046
8172
7236
7610
8486
19222
7632
7452
7233
7529
7768
7012
7378
6394
7355
8010
8800
5369
6735
7199
11676
7148
7465
5950
7954
7661
7758
8060
7530
7539
7888
7394
6432
6928
8413
7085
7589
6625
6912
7379
6419
7936
6686
9083
7881
8472
7039
7471
7740
7706
7950
7665
8505
6276
8299
7436
8566
6593
6804
8725
8057
5789
7019
7087
7270
6908
6890
7453
7954
7480
7840
7365
8352
7323
8356
7038
8453
7565
6694
8100
7926
8171
6848
6754
7359
7310
8061
7433
6306
7152
7650
8131
6344
8152
8700
8173
8518
7722
7212
6757
7050
8574
8011
8067
6639
8583
6784
7554
7952
8122
7222
7798
7517
6269
7708
8064
7123
8310
7393
7457
6807
7496
8203
7813
8487
7559
6335
7559
6365
7440
7562
7963
6649
8785
7516
9269
5966
7274
7484
7812
8151
6201
7628
6767
6941
7263
6665
7449
8041
8022
7605
6661
7386
8326
6470
7669
6612
6693
8364
7330
6968
7125
7459
6936
7901
7787
7438
8928
19307
7029
6757
8225
6476
7422
8357
6686
8392
7452
7494
7602
7883
7729
7659
7435
7751
7527
7049
8279
7860
8103
7803
7386
7471
8506
7952
7441
6574
8935
8402
7497
8475
7975
7751
7274
7794
8151
7320
6278
8193
7532
7769
7859
7299
7602
7148
7479
7995
8897
7574
6341
7166
8075
7547
6938
7436
19354
6639
7892
7031
7550
8578
7353
7859
6685
7536
6619
7578
6777
6890
7522
7704
7423
6527
7506
7098
7533
7259
7992
7157
8220
6475
6843
7886
7633
7554
6477
7460
7948
7594
8173
8802
8960
6841
8264
7407
6110
8144
7502
8067
8802
7394
7305
7415
7254
9678
7225
7490
7974
6683
7177
8064
7631
6882
6846
7373
7840
7657
6506
7718
6850
7736
6009
6757
7079
7971
9181
6172
7126
7352
6503
7127
7478
6318
8929
7455
18176
5995
6933
6871
6645
7499
6823
7740
7488
7856
6436
6766
6824
7117
7810
7307
6904
6711
6867
7532
7838
6589
6907
8308
7832
8199
6368
7506
7383
7471
7867
7262
8248
7746
7339
7603
7853
7760
7291
7500
7324
7705
7598
7469
8117
7244
8136
5795
7828
19176
8376
7570
8077
7877
5921
8041
8115
7292
7148
6102
6684
6057
5798
7476
7977
8212
9642
7260
7007
6528
6831
7435
19058
7735
8053
6306
8688
7024
7614
18853
8343
7740
7766
7565
8181
6972
7262
6672
6589
6388
6814
7832
6523
8087
7010
7982
6564
7319
7113
7511
7365
7711
6969
6454
7786
6116
6636
8272
7189
7377
7863
7861
8173
7384
7666
6642
7339
8242
7809
7437
9690
8375
7466
7747
7161
8541
7175
6718
8081
7223
7239
7579
7292
7688
7197
7930
8702
7527
7913
7472
8552
7795
7501
6817
8451
7311
7688
6557
7165
16716
6927
6981
6484
6687
7843
7405
9655
8083
6340
7340
7968
5817
7569
7106
6437
7955
7388
7151
6097
7655
7369
6574
8346
7843
7313
7138
7100
7566
8241
7627
7275
8012
6832
7533
8626
8537
8164
18353
6281
7793
6358
7674
7392
6598
7912
19170
7081
10970
6656
7505
7502
5712
7187
7046
7086
7889
6175
14211
8277
6615
8297
8103
6473
6769
7654
5455
8134
7629
7088
7230
7867
6846
7224
6823
6329
6828
8040
7113
7417
8554
7919
7862
7404
6408
6774
8115
8305
7977
7138
7810
7016
7701
7583
7559
7274
6834
6503
7302
7414
6872
6978
7559
7387
7590
6134
7893
6127
7043
6156
7930
6760
7287
7600
7569
7236
7303
7115
8440
7599
6737
7199
7887
7245
7198
5988
7092
9042
8193
8894
7078
7237
9202
8378
7180
6326
7216
7658
7345
7162
7905
7164
7340
6455
7828
6914
6925
6902
7417
6994
7768
7275
7065
7339
6353
6786
7074
7604
7610
6539
7773
7797
6838
19507
8522
8527
7055
7346
7637
7537
7526
8145
9039
7579
6116
6766
7590
8526
8108
6938
7871
7512
7066
8297
7092
6701
7373
6443
6670
7157
7670
6388
8269
6594
6035
7843
7732
7342
5937
8695
7420
6777
7783
7456
6710
6867
7150
7513
18860
9264
9336
8030
7256
8361
5847
6677
7616
7130
7400
7539
7465
7436
7605
8476
7115
6675
6881
7208
6602
6788
7060
6399
8095
21988
6952
7164
7814
8018
7305
6206
6480
8336
7505
7035
7741
6817
7039
6879
7375
6670
7291
9259
7036
7593
7286
7256
8016
7560
7361
7170
7459
7817
7159
8695
8473
7059
6992
7543
7153
6546
7165
7590
7512
7440
7198
6678
7757
7894
6550
7202
6643
7451
7389
7285
7468
7112
7379
6039
7347
6980
7872
9145
7648
6591
9020
7275
7722
7674
6982
6747
6544
7751
7610
7108
18891
7345
6611
7162
6258
7474
7673
8449
7122
6608
19897
7168
7737
7517
7135
7261
6430
6857
6064
7639
7499
7642
6518
7679
7671
7290
7829
6593
8184
7746
6919
7504
6891
6443
6625
7583
6614
7277
6569
7234
6284
6578
8345
7354
6214
7777
7498
6959
6647
7600
7634
7971
7704
8250
6507
7193
8314
7571
6317
8158
8097
7864
7804
7226
6441
7680
7566
9336
7416
8275
7314
6794
8214
6219
6908
6426
8280
6584
7699
7393
7350
8070
6075
6877
7755
7134
6525
6967
7981
8944
6764
7602
7240
6791
6987
7903
7715
20173
6985
7658
7542
7818
6705
6316
7154
7333
6750
8569
7576
6962
7679
8165
8413
8290
7819
7385
6081
6809
7449
7039
7286
7321
7942
7659
7891
10360
8542
7370
7630
6969
6730
7382
8488
7938
7955
7458
6623
6321
6665
6770
7378
6158
7689
6593
7813
7667
8009
6233
6701
7529
11382
7173
6655
7500
7514
7033
6824
6983
7522
6640
7108
7274
6824
6686
8172
7405
18402
5953
6934
7636
7453
7273
8074
7521
7793
7463
7236
6782
6758
8852
6577
6224
7118
7897
7460
6886
7125
7966
6999
6226
6736
8242
8023
7426
7918
6767
8458
8371
8539
7887
7435
7237
7683
6727
8619
6801
7293
7976
6932
7466
7582
8062
6459
6885
8537
6940
6644
6809
6432
7176
6980
6942
7680
6868
6686
6433
8409
7105
7974
8545
7702
7226
6351
7974
18018
6386
7625
7270
6659
6475
7491
7183
7881
7118
6977
7811
5920
5552
7152
6939
6922
6777
6751
7703
7186
6949
7238
7720
6978
7367
6542
6126
8215
6771
6728
7323
7757
6381
7399
8136
8436
7823
8104
6081
7578
8410
8907
5901
8113
7762
7894
8418
6440
6656
8098
6798
8042
8548
7633
7417
18849
7226
7722
7506
7066
7762
8057
6918
8341
7712
6235
6371
6810
6645
8082
8553
6580
8196
6328
6797
8177
8081
7403
7339
6835
6585
6969
7359
9124
7842
7170
8306
7310
7209
7158
8537
7365
7554
7281
6761
7327
18469
18553
8276
6844
6829
6806
8078
6725
7506
7517
8038
7624
7235
6027
7597
6515
7070
8591
7302
16136
7438
7926
7282
18899
7511
9510
8305
8029
8317
8005
7987
7304
7139
7221
7672
7824
7259
6490
7277
6985
8611
7764
7163
6353
8333
6973
7548
6686
7365
7696
7665
7638
6373
7354
7036
7212
6893
7033
7534
6534
6235
7458
8015
7028
7458
7784
6598
7058
7494
6920
7304
7411
7183
8326
7417
7152
7033
8320
6430
5925
6910
7958
20432
7650
7574
19135
6717
6427
7551
6722
7641
6930
8282
7851
7473
7818
7620
7282
7695
7648
6562
7616
7194
7150
7663
7630
18757
7577
7565
7147
7104
7563
8236
7544
7298
6550
5674
8698
7674
7208
6616
7030
6380
18454
6494
6281
5475
7849
7748
7577
7149
7052
7178
6142
7511
6363
7021
6635
6580
7825
7240
6097
8429
6633
6635
6822
7720
7038
7903
7170
8294
7107
7746
6838
7919
6703
7336
7567
6585
8229
6333
8005
7608
7426
7545
7199
7620
6964
7176
7187
7392
8490
6987
6864
7466
7319
6779
7461
6742
7966
6581
7383
7060
8406
8290
7297
7802
7526
7682
6936
7431
6578
6673
7031
7812
7159
7558
8695
7082
7768
8428
8052
6262
5972
7187
6391
6959
7194
7835
7175
6812
5738
7433
7540
7760
6831
7826
7998
6368
7329
7617
6188
6116
7435
8509
7390
7270
6739
6940
8181
7224
6423
7352
8091
7256
7429
8312
7824
7615
7839
6426
6592
7253
7482
7202
6916
7998
6444
7913
7599
7141
7045
6641
7941
6836
7937
7287
7589
7055
7533
7489
7593
7917
7795
6307
7467
8275
7440
6912
6907
8738
8126
6825
7520
9882
6461
8191
6968
8194
8181
7201
5434
8182
9011
7035
4784
7116
6161
7577
7365
6569
7017
7811
7515
8616
7783
7492
8295
8021
7507
7379
18304
6013
7829
7110
7037
6974
6571
7238
6486
7640
7492
7434
7383
7605
7431
7859
7209
6201
7303
7778
6452
7722
7767
8215
7521
7437
7012
6143
7341
7858
7836
6016
7462
18458
7734
6437
6779
6709
6545
6936
7694
7103
7276
7113
7516
7603
7871
7391
8506
7606
8183
6916
7880
18765
7627
5516
7913
8046
8022
7297
6947
7394
7302
7431
6447
6626
7258
7052
6467
8246
7775
7355
7443
6816
7551
7920
7970
7874
7572
7529
7698
7126
8135
7874
7737
7021
7648
7250
7712
7286
12095
7654
6233
6981
6922
6907
8465
7298
7394
7154
7342
11333
7589
6428
7159
7114
19018
7284
7109
7483
7284
7791
7663
7566
6696
7250
7117
7624
6118
6072
8419
6576
7371
7806
7647
7494
6896
7275
7304
7012
7791
7966
7286
8539
7474
18856
7300
7061
7487
7440
8343
6019
8646
8258
8052
6682
7598
19062
7382
18068
7704
7399
7037
7494
8022
6771
7092
6689
7629
7554
7403
7195
8435
7150
6727
7050
7713
7623
7081
7581
7551
7934
7195
7589
7635
7610
6820
6508
6234
7908
7313
6277
7115
8328
8706
8839
7442
7401
7177
7485
8328
7620
6806
7691
7694
7315
8928
6591
6322
18908
5878
8699
7409
6927
7585
6916
7124
7412
7698
6723
9042
7064
7010
7243
7726
8220
8065
7180
5957
7778
6729
7346
7213
7598
6806
8470
8526
7447
7164
7032
6665
6329
6825
7769
7164
7456
8580
9072
7578
8431
7477
6044
7034
7475
7372
7883
6616
7586
7473
7165
7619
7541
6584
7386
7020
7606
18739
6558
7114
7336
8462
7019
6710
5527
7449
8420
7113
7373
6865
8939
8552
9005
7563
6885
7871
6932
8532
8342
18391
8432
6789
7719
7152
6470
7550
6519
6987
7626
8020
7561
7308
7436
7785
6863
9164
6092
8409
7489
6828
6963
7559
8398
19116
7795
8465
6949
6814
7718
7392
7427
7489
7830
6321
7494
8337
7671
8778
8172
7473
11255
7300
7472
7928
7387
7482
6643
18939
7133
7259
7280
7838
7866
8864
7808
6170
8195
7396
7789
8376
7013
6117
18865
6986
8176
8018
7999
7365
7601
7544
6874
8133
7531
8493
7674
7604
7833
7504
7958
9580
7702
8547
6100
6907
8476
7300
7380
7769
7324
7168
7402
7520
7599
7377
8309
7691
7025
7102
7026
7549
8556
6899
7735
8798
6393
7007
7524
6662
8669
7890
6769
8059
9153
6954
6712
5453
7320
7847
7351
7690
7539
7429
7723
7327
7813
8049
7037
7250
7026
10402
7678
6900
7802
7183
7104
8268
7259
18397
7366
7848
8160
7619
7199
8539
8238
10061
8657
7361
7880
8439
7843
7397
8417
7464
6105
7441
7367
7813
7609
6446
8345
7496
8802
7769
7028
6371
7543
7623
7715
6548
5945
8284
5984
8094
7989
7044
7568
7297
8625
6775
7530
7101
8264
8237
9089
7857
7799
7075
18871
7645
7135
7513
9014
6654
7426
21637
8626
7618
6850
7204
6764
6575
8447
7324
7528
7503
8475
7608
5660
6990
6433
6683
8928
6540
7383
6460
7238
7098
6993
7078
6277
7175
6280
7628
6233
7971
6897
6797
7505
7498
7576
7265
7853
8176
6449
7387
7016
7270
7646
7792
6723
7593
7686
8318
7997
8929
6953
7209
7653
7132
7625
5243
5577
6123
6677
7412
7465
7378
7840
7711
6753
7861
6794
6650
7694
6165
7769
8196
7459
7361
7687
8518
5979
8219
7461
9544
9700
7564
7419
7249
6584
7823
8561
7994
7788
8210
7728
7141
8908
7761
7697
7486
6515
7400
8064
7600
9395
6575
7718
8120
7591
7197
7569
8088
7637
7734
7905
9063
6870
6739
8051
8597
8534
7495
8858
7290
7848
8280
6150
8398
8333
9048
9136
9069
6983
8020
7347
7581
6620
5963
7174
7564
10720
8400
7459
7997
8099
7321
8723
7810
7670
6463
7736
8312
6158
6741
6772
6377
6913
6740
7664
6276
7908
5582
6734
7778
8109
8465
7246
7808
5735
6269
7176
6058
18985
7502
7431
7670
7361
8051
6538
7546
7354
6565
6818
7755
8511
8028
6067
6869
7222
7510
8369
7026
7803
7732
8055
8648
6655
6399
7608
7769
8716
7710
7615
8542
8535
8597
6369
7851
6831
19366
6267
7842
6554
7292
7335
7375
6836
6901
11578
7596
8186
7723
7182
8020
6529
6643
7906
5833
7551
7297
6527
6000
6902
7556
7596
7248
7562
7385
7635
6128
8298
8520
7584
7077
7072
7200
7702
7069
7740
8338
7211
5970
5668
7544
7538
6945
6300
6544
7884
22891
9617
6533
6937
6857
6900
7016
6614
7429
7845
6947
7496
7023
8678
7018
7211
6374
7503
6979
7256
8052
8365
7073
6021
6637
8101
7630
7524
8150
7821
7159
8405
8355
7641
18005
5962
7635
6501
8632
8161
7438
7430
7770
7520
8370
7851
8041
7302
8993
11150
8010
8496
6515
8548
7953
7231
6660
7434
7254
7370
6322
8945
7415
6158
6156
7500
7500
7856
8551
7704
7187
6877
6844
6631
7642
6553
6530
8632
5654
7323
6154
7151
7014
6749
7041
8979
7850
7896
6552
6115
6489
7649
7373
7122
9137
7785
8682
7412
7686
6187
7538
6903
6821
5535
6461
6852
7955
6702
7442
7240
7907
10038
7027
7342
7536
7816
5719
7481
6469
6731
6607
8797
29384
8320
9189
8021
7656
7158
6406
7045
7049
8451
7416
7528
7846
7292
7102
8004
8207
7786
6771
7609
8672
6842
7025
7409
7855
8134
8293
6704
7646
7282
19002
7787
6162
7124
6872
8497
8499
6781
6520
6760
7134
6921
6414
6540
7105
7182
7331
8738
6173
8408
16304
7575
6798
7941
8695
8612
16025
6818
7459
11076
7395
7212
7806
6538
6444
6751
6904
7384
6689
6852
6490
6604
6686
6797
7474
7958
9327
6845
7024
7545
8206
8058
7224
7545
6738
6965
6857
6498
7059
6957
9153
7869
7973
6997
7566
6824
7801
6637
7376
6805
6881
7843
8609
9001
8090
7177
6819
7332
8347
6907
7224
6266
6559
7793
7045
6621
6883
9114
6946
7734
8032
8647
7798
6849
7699
6838
6718
6647
7164
7700
7820
7370
21487
8711
7134
21367
7114
7372
7449
6928
7081
9045
6794
7487
6875
7860
8530
18992
7157
6490
8884
7777
7790
7337
8264
7079
7395
7039
10130
7561
7582
6789
6876
7479
7589
18393
6814
7852
6990
8139
8070
7069
8260
6023
8534
9710
7598
6921
6916
8530
26180
7341
7706
7504
7022
6709
7130
6690
7365
7150
8802
7752
10547
8413
7900
8576
8392
18856
6680
7063
6608
5516
7192
7114
8033
6433
7943
8308
7093
6682
7803
7752
7150
7397
6818
7743
6578
6939
7411
7144
7051
6305
7676
6890
6880
6704
7091
8060
6739
6841
7129
8790
7335
7435
8373
6966
8369
8399
8819
7658
7131
6859
8396
7271
7921
7111
8594
7482
7023
8083
7335
6522
5941
6899
8811
7523
6900
6957
7877
6956
8060
7013
6258
7699
8633
7086
6491
7825
8121
7735
7657
7761
6421
7256
8245
7337
7578
7238
7117
7192
7507
8213
7094
7384
6521
7688
6972
7680
7186
18827
8466
7993
5253
6813
19173
6801
7879
7027
6310
6955
7394
7362
7825
7555
8888
8687
6649
7358
6549
7926
6818
6917
7098
7364
7600
6916
6850
7763
7094
8418
6792
8130
8281
7172
7193
7361
6715
6502
7093
6401
8808
7208
6626
7645
7337
7547
7845
6777
8448
7335
7130
7671
6406
7953
6433
5802
28400
6524
8577
7018
7339
7283
6724
7169
8700
6611
6951
7393
7542
7188
7546
6760
6733
6668
6769
6052
8733
7972
7830
7734
6976
8206
8556
9648
9141
8611
8011
8639
7794
7284
5677
7588
7536
7632
6248
7014
6678
8500
6977
9414
7537
6247
7967
6441
7800
7093
8784
6800
8362
7663
6282
6881
6907
6522
7621
7589
8411
7930
5803
8898
7506
7081
8787
22142
7369
6530
7322
6912
6753
6746
6952
8527
9101
7178
6704
8495
8037
7845
7794
7095
6505
7244
7569
7703
7503
7119
7661
7826
7125
8130
8893
7197
7022
15631
6519
24261
6674
8005
7351
8043
7624
7468
6555
7417
6597
15952
7126
7539
6630
7008
8325
6784
8096
6238
6615
6863
7448
9108
7848
6964
6577
8173
7305
6636
7554
7426
6617
6439
6374
7915
6127
7015
7625
6831
9501
7265
7706
7285
6936
7363
7004
6773
7930
8040
8887
7051
6615
6250
7246
7541
6553
6816
23866
6676
8020
8470
6453
7383
6993
8823
8109
7052
6856
8756
6482
6686
7352
7126
7639
7179
6891
6761
6159
8258
7013
7073
8314
6784
7367
6920
6647
6601
6696
6901
6724
6390
8211
7927
7286
6778
5994
8261
7104
7508
7957
8418
8402
6583
8656
6362
7864
7899
6818
7355
24690
7873
6086
7714
7500
7814
7680
6867
6685
8699
6963
7588
8702
5991
18167
7338
7909
6912
6186
8023
7505
8891
7229
6791
6704
7752
10823
6720
7102
7836
8103
7413
6403
6694
8935
7468
6603
7024
7698
7763
8533
8516
6759
7960
8470
6502
8360
7420
6185
6852
7052
7854
6529
6555
8986
7621
7706
7489
8656
7081
5765
7419
6684
7626
7755
6279
7078
6519
8259
5521
9421
7944
7231
6812
7110
7060
7275
6533
6939
6276
6090
8712
9115
6282
6339
7934
9385
7880
6732
8020
6643
7660
6825
8664
6891
6978
20346
7146
6579
7435
7823
6834
7952
6727
7746
7342
6830
7982
7352
7009
6682
8480
9321
6515
9452
6328
6081
6831
7525
6924
6201
7964
7595
19094
7084
7755
7909
7556
5587
8656
8160
7670
8465
8135
7363
6951
8375
7671
8515
7609
7178
6655
6562
6433
7139
5987
7802
7192
18948
6633
6607
8555
6560
6203
7424
7718
7172
9538
8009
7540
8546
6542
6399
7696
6112
8542
7298
7473
7425
7637
6468
7172
7876
7966
7725
6510
7862
7043
7054
7134
7836
7161
7581
7687
7671
7870
7105
6066
7695
6534
6410
6528
6494
8092
19737
6348
8499
9536
7705
9011
7088
8653
7302
8458
7870
7683
6827
7204
6909
7486
6913
6668
7725
6207
8289
7793
7312
7956
6972
8843
8036
8694
8118
7618
8314
6540
19044
7841
7975
7918
6797
8763
8860
8086
7507
7034
7258
6758
7472
6186
8368
7818
9115
6200
8262
7380
7223
7496
6751
6359
6437
6803
8620
7888
7946
7052
7109
7146
6903
6625
7683
6472
8291
7187
7392
7672
7323
7502
6359
7512
7466
6575
7317
6668
6828
6803
7338
8069
7162
7849
6549
7685
6412
7464
8221
7164
8032
6823
5922
8252
5999
6228
6878
7423
6654
7146
7645
6834
7749
6221
7153
6409
7814
8616
7929
7533
7959
6495
6305
7507
6964
6733
8272
7794
7425
8687
8520
7018
5985
6363
7660
6860
7056
7527
6539
7750
7522
5897
8580
8834
7933
6679
7936
7976
6706
7869
9237
6836
7343
8045
6913
8937
6558
7951
7808
8105
8170
7532
6888
7511
6472
7656
7386
6649
6686
6134
7469
7556
6165
7588
6622
6448
6605
6234
7595
7082
7710
6536
6003
7062
6499
9031
7159
6860
8364
8303
7106
7067
6787
8626
7614
6607
7089
6827
8076
7699
6923
6873
6957
8866
8623
6529
6674
7303
6508
6728
8098
8850
8796
7567
7876
6864
6208
8261
6736
7744
7515
7071
6163
8308
7004
6125
6080
6735
7198
6038
9605
8807
9703
6919
7411
7000
6713
8489
7435
7213
6454
6865
6734
19259
7490
7740
7232
8751
8229
7484
6991
7117
7767
6793
6656
7853
6300
7452
6498
7591
9170
8394
18801
7542
7550
7592
7632
6452
8031
6919
7535
8371
7905
7969
7200
8808
6293
7717
8561
18106
7718
21106
7878
6838
7457
7289
7528
7166
6810
6730
8422
6158
7086
6565
5678
6752
7296
9003
7693
7607
6598
7775
7819
6756
6253
6976
7579
7657
7565
6203
6769
7051
8772
7006
7863
8432
7849
8072
7681
7945
5315
19167
7478
6668
6656
8299
7106
6805
8157
7071
7085
7891
6666
5922
7435
6649
7714
6653
6410
6469
8006
7737
6361
7575
8504
8039
7055
8310
7343
7018
9258
6926
6472
6069
6153
8149
7309
6339
7022
6339
9587
8203
11625
6953
8199
7732
7810
6917
6787
7763
7161
7890
6973
6024
7367
6869
6153
6209
6519
5646
8525
7779
7442
8717
7038
7086
6771
7995
6897
7124
7825
6711
7484
6980
8066
7073
7716
7187
6496
7427
6795
19066
6623
6971
7946
8171
6052
7631
6303
6847
6720
7774
8237
8229
9350
5883
7485
6462
5719
8730
8208
6441
7144
8139
7953
7335
6897
6866
6762
7717
6859
6408
6693
6923
8355
6819
7908
7650
8186
7018
7532
7389
7954
6465
7303
7332
9247
7562
8042
9284
7357
7133
7622
6168
7368
6679
8355
7778
6603
6195
6674
7427
8032
7095
9042
7172
8461
8467
7348
6734
6720
7916
7826
8968
8217
6631
6633
7578
6679
7002
7556
7282
7335
7561
6975
19101
8398
7914
7433
6446
6405
8234
8677
6404
7227
8621
6822
6704
8155
7044
7433
7712
8398
6618
6223
7630
6291
7624
7857
7097
7098
8100
7387
7613
7783
6859
9029
6507
8504
7131
6206
8055
7699
8153
7010
6578
8102
6757
7756
6795
7506
7730
8042
6607
9691
8363
8540
7519
7663
8069
6986
7478
7749
8198
7891
8140
6959
7037
7926
6379
8028
6763
6575
6108
7063
8480
6778
7984
7529
7760
6950
6352
7844
6887
7203
6864
8124
7008
7971
7542
7462
7385
6787
6325
7198
8382
7927
8191
7985
6688
8014
7694
9256
6233
9117
8063
7086
7958
7129
7552
6825
8133
6018
9100
6150
7321
7312
8785
7503
6999
8159
16309
7767
8157
6193
7530
19051
6711
7994
6663
6832
6872
6983
7863
6509
8306
6836
6991
7434
6327
6131
8791
9744
9399
8475
6785
6994
7122
8046
6442
7741
7492
6658
7969
8191
6802
7876
7515
7055
5796
6644
7673
8609
6737
6798
8728
7683
6605
7811
8130
8530
6572
6435
7227
7438
6783
8170
6488
6706
6994
8041
11040
7775
7332
9295
6749
6603
8041
7786
7674
7286
8451
7206
6080
8383
8471
8551
27449
6893
6569
6894
19182
6433
6916
7294
8172
6767
6551
8584
6236
8860
7775
8583
9067
7970
5933
7988
7778
7364
8000
7021
6344
8475
6558
9458
8581
9580
6961
7473
6669
7880
8664
7516
8058
7871
7560
8310
8194
7861
8486
7144
7860
6618
8656
7981
6492
7614
18303
19412
7288
7408
6450
6488
6498
7248
6916
7376
7886
6501
6688
6961
8026
6938
7706
6427
7211
6569
7872
7741
8994
6616
8663
7365
7097
7624
8641
7897
7264
7016
6640
6928
6713
6713
7900
7075
7670
7096
7559
7574
7163
7492
7377
6573
6842
7056
7048
7887
7291
6708
6344
7347
18829
8221
6994
7615
6465
6839
7028
9663
8673
7147
9055
9283
7699
8187
6858
6640
6885
6053
7666
7192
6944
6951
6991
7411
6446
6740
7292
8303
7047
6743
7948
7571
8612
6711
7475
6614
6808
7578
5891
8257
6524
7733
6795
7999
6042
7032
9781
8017
6767
7255
7715
8575
7111
8452
7853
7615
9209
8180
6424
8287
8030
7008
7125
7539
7789
6815
9143
6826
7477
6650
7451
7569
7082
7652
6993
7149
7131
18781
6327
7197
8347
6433
6874
7890
7692
8625
6425
7481
7973
8546
7837
7013
8119
8050
6936
6664
8940
9085
6812
7433
6527
8503
7774
7509
7477
8885
7605
6217
9530
7232
7048
8647
6444
7856
7602
7094
6919
7617
6481
8085
7162
6689
7819
6789
7767
8570
7606
7119
7141
7775
7719
7928
8106
8126
6759
6271
7962
7235
7660
8200
6673
6833
6970
7752
15763
6609
7150
7200
5918
7526
6267
7771
6689
7082
8575
6747
7600
6255
6852
7296
6993
7150
7007
7223
7070
7946
7567
7684
6208
8025
8574
8601
6828
7311
7692
7000
7602
7711
8302
8750
6854
8037
8869
7906
6663
7600
6882
6728
7061
7452
7010
8431
7574
8068
7524
7952
7385
7478
6911
7993
6431
7719
8107
6549
8691
6760
7504
6586
7871
7042
7386
6933
6567
8418
8401
6434
8103
8595
7284
7439
7700
19025
7669
6565
19465
7678
9443
6364
9553
7458
7064
7295
7057
7517
6807
7225
7079
6853
7085
7682
7967
19378
7039
8757
7079
7553
6704
7738
6954
23844
6667
7306
7468
8792
7755
6826
7914
8039
6401
6903
7966
6832
7034
5908
6529
7041
7685
8830
8051
8214
8767
6880
7266
7139
7240
6520
8027
7475
7015
7242
7494
7633
6703
6482
6616
9261
6654
7370
6455
6889
6804
19753
7396
6338
6819
8843
7773
6245
8854
6265
7653
6864
7146
8351
7621
7755
7929
6870
7092
7426
5516
7757
6529
6875
6635
7394
7112
7843
8468
7266
7490
6967
7067
7516
6663
8817
7312
7232
7844
7459
7130
6787
6836
7841
6896
18894
6926
8511
7045
6849
7375
7653
7422
7458
7621
6869
7884
7152
7823
6713
6891
6867
6282
6376
8304
7507
8164
7028
7736
7461
7612
7321
7702
7995
8782
6430
7076
7373
7108
7303
6707
6621
7613
8427
7283
7533
6722
6995
7906
6426
6905
8229
6004
7326
7078
7710
9105
7541
7316
7316
7388
6988
7605
6669
7152
7804
8982
7190
8069
6900
7131
8122
7168
6798
7059
8525
7598
7459
6922
7069
6405
7789
7116
7274
7070
6674
18680
7208
8047
7445
7679
7520
7239
7048
7545
8057
7231
6885
6967
8043
7417
6603
8590
8085
7237
7547
7197
7544
7410
8196
7901
7094
7213
7485
8249
7687
7471
7561
7823
6433
6900
7015
8598
7990
7097
7017
6642
7472
7986
6631
8129
6659
7045
7980
6636
7318
8022
7506
5866
7973
6967
7733
7429
6451
8182
8391
7791
6753
6714
7481
6838
7634
8507
7827
7673
7769
8086
7956
7328
7597
7623
7669
7033
7940
7178
6698
6874
6049
6663
6660
7980
7641
7798
6364
7144
7098
9064
7065
6935
6934
8183
7879
7305
6773
6529
7736
7478
7678
7147
18421
6837
7733
7272
6488
7583
7757
8029
7523
7634
7907
7366
7313
8061
8319
7408
7411
7906
7305
8259
7498
8466
6538
7919
7628
7361
8548
7620
6899
7595
7048
7680
7700
7261
8379
7936
7314
7456
8823
6625
19364
6888
9066
7016
7016
6935
7457
7475
6856
7389
8295
7253
19430
6660
7364
7912
7208
6836
7628
7337
7581
7479
7285
7587
7544
7058
7747
8349
6982
7495
7428
7947
6905
6751
7206
7469
5606
7639
7185
7358
7959
7916
7477
9182
8008
7096
7633
7529
7626
6499
7903
7359
6015
18413
7448
7747
7604
6917
7898
7532
6817
7937
7500
7406
6460
6473
6954
7227
6777
5466
7788
7942
7041
6508
7097
7131
18991
8945
7743
8067
7959
7769
7884
7559
7605
6802
7310
7601
6385
7024
8135
6771
7710
7433
7435
7251
6639
7926
7237
6433
7635
7400
7145
8756
8500
6080
6079
6738
6714
7670
5298
7445
7327
7805
18189
7400
7898
6448
7923
6854
6916
6925
7238
7616
7485
8009
7245
7351
7452
8025
8661
8510
7606
7587
5488
7232
7015
7568
8573
7214
7872
9013
6624
8132
7466
7586
7124
7635
6788
8103
7908
6873
8289
8975
8365
7672
7561
7168
7303
7843
7572
6844
6777
7724
8025
7239
6812
7066
7204
7347
5867
7422
7708
7586
7288
7219
6776
7486
8487
7078
7054
7960
6844
6850
6378
6810
6540
8542
8525
7417
7871
7956
6879
6955
8332
8760
6128
9326
7496
6867
7206
7170
7156
7114
7237
7693
6742
5451
8595
6433
7596
8188
8093
7999
6488
18742
7007
7714
7083
7717
7459
7541
6906
6776
7378
6682
8852
7863
7292
7199
7664
7912
8744
8920
7321
18669
7116
7594
7639
7240
7154
7193
6910
7290
7654
8272
8255
6696
7504
7494
6609
7142
7824
6914
8454
6583
7421
22305
7268
6994
7289
7151
8365
7445
7703
7796
7872
7685
6722
7281
7935
7016
8071
7489
9106
7538
6732
6753
7968
8719
7132
7854
7011
8262
8168
6911
19403
7301
7250
7776
6963
19500
7766
9016
7750
7411
7022
6197
6533
9361
7538
7117
7649
7809
7704
8228
7179
7633
8528
7375
7520
6298
6362
7374
7624
7013
7557
7594
7422
7671
7748
6864
6004
7695
8168
8132
6905
7238
7958
6509
6828
7209
7775
7380
6166
7147
6839
8119
7876
7452
7092
7576
6739
7855
7526
7478
6618
8521
6606
9633
8837
9373
7276
8175
7131
7667
6847
6773
6487
7130
7281
7640
19001
6421
7344
8800
7656
6917
5839
7004
7091
6489
6822
7582
8078
8068
5793
6520
7264
7900
7770
8028
7149
6814
7440
7036
7416
7939
7557
6513
8573
7433
7333
7800
6595
7936
7694
8118
8002
6811
7744
7931
6213
6894
7229
7920
8040
8473
7667
8821
7100
8287
7578
6998
7078
7689
6029
6901
7156
8090
7930
8593
7262
7325
7121
6913
7235
7359
5945
5985
8595
7765
7762
7855
9503
8117
7880
8002
6665
6354
6480
7629
7115
7593
6745
6951
6900
7009
8527
7584
5974
7075
7055
6886
7497
6372
8229
6267
6728
7438
6909
7328
6920
7196
7421
7506
7011
7057
7543
7827
6898
6332
8060
7682
7550
5940
6754
5844
7172
7579
6928
7720
6993
8191
7035
7130
6463
6742
6412
7840
7178
7670
7256
8872
6936
7602
7254
6559
7466
9179
7505
6206
7534
7522
19080
6265
7612
7585
7254
8386
6206
8067
8737
6632
6892
6614
7587
7567
7434
7203
7045
7651
7520
8132
7828
7084
7778
8470
6730
6524
6392
7196
6538
6749
7839
6308
8211
21997
7586
7676
6569
5696
7072
8618
7227
6698
7918
8047
6922
7630
7245
6766
6929
7483
8481
7081
8387
8307
7612
7421
7204
8026
6730
7625
7585
7187
8395
8107
8816
7576
7604
6889
6563
7443
7462
5403
6345
7575
6683
7552
7219
7816
18996
7613
7341
8172
7072
5155
7001
6414
6700
7124
5749
7665
7748
7641
7872
7414
6753
7355
6525
6124
7208
6320
6791
5934
7715
7007
7786
7926
7952
7406
7761
6954
6991
7847
8116
7704
7960
8500
8664
7614
7068
7150
8193
7418
7590
7114
7580
7217
7907
6766
7546
6456
7181
7846
8364
7551
6981
6409
7857
5984
6779
7457
7720
6885
7623
6884
7044
7184
7308
7173
7069
7306
8424
7842
7414
6663
6539
6826
6555
7899
8615
6391
7659
7722
6275
6953
7376
6600
7102
7466
7476
6743
6946
7235
7067
7469
7775
6832
6844
8294
7587
6378
7527
7124
7897
6781
7006
7061
6659
6940
8193
7829
6370
6588
7464
8728
6815
7516
6973
7295
7943
7425
7150
6977
7677
7161
7527
6759
6603
7871
7338
7024
6355
6954
19982
9407
8844
7632
6994
8365
7864
7325
8281
8336
8142
7363
6950
9059
6130
8030
7630
7452
7349
7233
7436
7662
6869
7083
7894
8189
8153
6911
7163
7760
8112
6567
6511
6966
7608
7284
5984
7521
7053
6286
7533
6773
8665
7312
7375
7023
7392
7365
7653
7746
7702
7238
7808
7593
6650
8546
7085
6801
6697
6957
7286
6806
7460
7477
7290
6938
7145
6239
7700
5513
7078
7803
8864
7950
6694
7773
7261
7764
7140
7346
7351
7913
8055
8084
7120
19237
6128
7054
8703
8395
7446
6592
6986
7368
6815
8573
4993
8256
7094
7088
7591
7521
7358
7644
8935
8586
7794
7824
7069
7150
7408
7002
6449
7780
7560
6926
8024
8055
7994
7529
7458
6505
7456
7696
8219
6846
7247
6913
9057
9925
6677
8734
7649
7105
7550
6354
7349
7822
7719
8649
8132
7959
7078
6826
7559
6822
7858
6988
6911
7709
6554
7037
6555
6341
7576
7735
7275
8705
6712
5873
6749
6446
7100
6564
7024
7513
8307
7478
9391
11106
6818
7683
6490
6787
6717
6125
6977
6337
7825
7995
7597
8445
6151
7251
8523
7580
7820
7225
7469
8180
6315
7088
7479
8038
6385
7255
7740
7950
6794
6915
7422
8863
6940
7893
7178
6973
7490
7420
7171
6594
8055
6161
7723
8128
7169
6481
7293
6583
7264
7352
8085
7025
7305
8164
7974
7847
8371
7973
7088
6891
7088
7828
5831
5043
5870
7410
7824
6451
7068
7766
7375
5606
8682
7642
7342
8485
6716
7571
8608
7847
8096
7111
7097
7451
6071
6764
6678
7235
7492
7789
6831
7551
7126
6669
7727
7565
7660
6197
7142
7936
6962
7518
7441
7732
7400
8323
7563
7134
7277
7485
6647
6889
8504
7683
6770
7251
7746
7398
7390
7937
7188
7606
8741
7534
6770
8233
6990
6561
8009
8174
7765
7891
7284
6108
6273
8525
7310
7652
6969
7570
8490
7891
8499
6838
7064
7100
6189
7167
6523
7729
8289
7375
7489
8030
7849
7733
6920
7268
7084
6862
7521
7262
7503
7269
8069
7358
7473
7403
8145
6407
8539
6105
6832
7203
7757
6963
7769
7630
8654
8255
7100
7937
6884
6750
7403
7712
6758
7328
7641
6332
6972
7604
8177
8029
7024
7445
7187
8633
7683
6646
7607
7699
7013
7359
6700
6813
6964
7386
7775
7225
6631
7470
7484
7109
18634
8035
7354
8148
6756
7288
6434
7474
7846
7291
6793
7421
7125
7500
6837
8501
7311
6602
6663
6925
7243
7154
7243
7380
7074
8470
8000
8544
7665
6940
6917
7395
8061
8053
8452
7892
6883
6784
7103
7933
7104
7573
6822
7183
7441
7340
6765
8949
7633
6462
8573
7819
6292
6695
6635
6554
7937
6968
6516
7364
7898
6576
7519
7629
7349
7195
5715
7819
6749
8271
7265
8572
8473
7516
8243
7636
9423
8669
6918
7920
7510
7225
8973
7231
8264
9545
6851
7547
7930
7449
7650
7557
6316
7436
6828
6423
6436
6963
6624
7960
5701
7094
18546
8481
7158
6070
7985
6238
7469
7606
6683
7611
6984
9001
8557
7280
7995
9036
9319
6889
7902
8489
7072
6311
7627
5994
7736
7311
7020
7090
7840
7779
6346
6492
7357
7111
7001
7557
7374
7658
7539
7819
7950
6179
8730
6641
7075
7193
6721
6789
7633
7894
8023
8001
5813
6336
8917
7649
6190
7330
8923
7998
7706
7889
7119
7121
7066
6395
7365
8389
7555
8273
7158
7799
7559
7599
7438
7958
7362
6026
6896
6748
6927
19084
6814
7479
7412
6010
7688
6994
7297
8613
6496
7517
7919
6528
7126
6857
6834
9055
7217
6722
7317
7743
6184
6530
7528
6943
7255
7634
7362
8153
7737
7697
7278
6902
7091
8071
6400
7420
7402
7149
6774
7447
6466
6969
6321
6455
7400
9373
7168
7486
7684
7329
7153
7584
6297
6798
7477
7874
6714
7936
7456
6535
6366
6989
7113
6677
7370
7660
7532
6448
7257
8125
9561
6970
6548
6230
18711
7491
7413
18491
7494
7716
6864
7363
7135
18728
6930
8395
7568
6990
6837
8441
8001
7150
8017
7287
7807
6901
7445
7239
7859
7244
7446
7986
7267
7303
7531
7579
7016
6712
8003
8146
8459
6890
7797
6899
6679
7090
7712
12571
7708
7374
7191
6807
8544
5899
7330
6899
7411
6850
6899
7346
7824
7937
7381
7704
8471
6347
8915
6307
7701
7980
6637
7892
21665
7537
7269
6732
6674
7850
7611
8082
8514
7771
6943
7687
7724
6838
7935
8409
7431
7974
7903
8458
7304
7136
7657
6528
7595
8742
7623
6207
8360
9259
8348
8777
8841
9212
6661
7301
6390
8537
7500
5937
8190
7870
7098
6572
7250
5716
7562
7001
6013
7211
7603
7623
7742
6885
6707
7160
7020
6851
6904
7111
7257
7456
6717
7396
6759
7497
7569
6776
7069
8695
7147
6773
6852
8097
6800
7230
8225
8331
7400
6652
5886
7563
7594
7050
7281
7050
7159
8181
7507
6680
7498
7066
6811
8712
7078
8257
7696
6198
7468
7542
7153
6821
7651
7168
7421
7209
6789
6994
7605
8066
7555
7615
7306
8864
7185
6105
7229
7507
7259
7892
6087
6720
7751
7973
7115
7387
7049
7948
7442
8483
7225
8849
6370
7636
7148
7499
7908
6849
7479
7265
7457
7822
7621
7668
8193
7186
5622
7819
8122
7036
7591
8771
7998
7330
7750
7140
8425
6118
6635
7528
7237
18342
7389
7502
8087
7388
7667
6660
7716
5991
6915
7297
7607
5949
6784
7179
7780
7616
5669
7639
7342
7232
8525
6998
7346
6404
7546
8214
9304
7184
6591
7964
7048
7634
7504
7229
7895
8398
7431
7707
5556
6952
6484
8172
7606
6786
6489
6926
8087
6452
7670
7376
6996
7837
7498
7671
19066
6676
7617
7350
6760
7618
7095
8312
7080
6756
6697
7187
7507
7409
7379
7252
6990
7549
11622
6657
8806
8179
7131
7495
18807
7112
7293
7887
7775
6027
6221
6798
8406
7515
19255
7035
6858
6826
7655
7946
6356
7624
8191
6982
7933
7905
7558
7366
7109
7336
6615
6343
5755
7486
7571
7468
6820
6612
7458
8422
7644
6641
7386
6902
18766
7061
6696
7972
6443
7654
7430
7488
7867
7637
7206
8055
7762
7940
7518
7575
8222
6866
7529
5916
7413
7213
8580
7761
8337
6369
8923
6690
7249
7414
7184
7540
7552
7055
6634
7408
8245
7616
6889
8135
8043
7430
8843
7215
7873
6297
6883
7856
7488
6455
7344
7009
6414
6811
6107
7547
6741
7694
6850
7504
6519
8285
8077
7715
7826
7392
7082
6937
7389
6449
7534
6483
7249
19040
7781
7698
7304
8852
8036
7990
7524
7632
7614
6599
8317
7831
7615
7681
7915
7708
7843
7121
7286
7340
7486
7359
7725
6828
7707
7594
7670
7029
7391
6584
7464
6431
7727
6249
8485
7039
6973
8307
7917
7181
7982
7761
9613
8412
7595
7413
6806
6927
6899
7687
7609
7543
7277
6168
8028
7920
7737
7097
7574
7127
7795
5532
7900
7811
7562
7891
7712
7977
7155
5807
6756
6751
7608
7802
7444
6296
7795
6577
7971
7534
8748
7194
8177
7946
8094
8874
7973
6201
9120
7770
7904
7090
6972
8307
6880
8035
6783
7257
6928
8006
7565
7033
8001
8737
7288
7098
7509
7326
7061
6983
7814
7056
7957
7257
7126
6971
6918
7462
7386
6337
6927
6461
7410
6753
8904
7093
7655
8782
7710
8167
6165
6905
7659
18092
6640
7512
6538
9535
6476
6962
6629
7495
7394
6248
6370
6234
7559
7782
8055
6443
7497
8483
7118
7304
7219
7098
8433
8109
7880
7114
8624
7656
7410
6247
7512
7832
7595
6753
7591
7118
7433
7628
6823
6458
7711
8175
7156
7787
7383
7776
7563
7597
7377
7976
7378
7472
7779
7091
6332
8061
7088
7617
6092
6953
10281
6220
6949
6869
7772
7549
7200
7203
7107
7540
8027
7940
6572
7241
7273
8182
7411
6601
6629
7079
7435
6540
8458
7837
7468
7451
7090
5787
7623
7583
7307
7853
7852
7704
7477
7692
5957
6121
7237
7819
8153
7266
6522
7765
6804
7360
7287
7880
7182
7718
6476
7055
6969
6989
7733
7963
7230
6861
7471
7009
7470
6239
6660
6414
7707
7079
7434
6672
7482
8122
18805
7676
6675
6634
8248
7279
6533
7640
7931
21817
19152
7430
7276
6908
7458
8465
8944
7764
7646
6661
7731
7837
6847
6966
7422
7389
7120
7889
6261
7491
7018
7878
6974
7743
8147
6797
8110
7967
7430
8120
7135
6855
6837
7133
7290
9094
7232
7520
8023
7993
7705
7027
6032
7475
6202
7484
7013
7451
6608
7121
7944
8458
6410
5760
7347
7246
7481
8198
7591
7064
6014
7105
7287
7173
7121
6518
7484
8155
7786
6902
8881
7473
7798
7324
7468
6569
6846
7776
7819
7482
7900
7540
6931
6685
9292
7108
7915
7181
7017
7327
8073
7452
6998
8021
5897
7785
6691
8932
7246
7975
8689
7563
8868
7455
7885
7611
6733
8233
8657
8216
8002
6306
8154
5134
8145
7377
7658
6798
6323
7095
7161
7287
7282
8715
7086
6551
7840
8250
7877
7095
7475
19676
7442
8117
6919
7347
6362
5996
8073
6472
7741
7093
7542
7493
8267
8003
6085
6389
7257
7970
7622
9266
7616
7209
7556
18741
19195
6432
7470
7869
7805
7116
7649
7360
7138
6878
5794
7670
8563
6395
6969
7548
5521
7613
8200
6480
6718
6500
18098
7647
6779
6313
8091
8802
7396
7958
7492
7711
7550
6954
6966
6503
7705
7690
7781
7900
8547
7160
7276
6942
7532
7828
6072
7753
6571
7659
7950
6627
8564
7529
8414
7998
7387
6644
8446
7062
8759
7955
6974
9153
19471
6951
7990
6630
7889
9000
7572
7921
7309
8074
6912
7206
7437
6908
8974
7005
6541
6385
7361
5901
7312
7623
7418
6411
6789
7406
7085
6905
8496
5933
6980
6950
7176
7399
7741
6930
7083
7588
6334
6614
7276
7708
7783
6454
7531
18959
7727
7746
7465
7655
6806
8825
7847
8032
8740
7752
7376
7432
7562
8557
6792
7038
7560
7552
7303
6864
7489
7288
7051
8430
7381
8848
7782
7913
5582
7186
8068
8067
7918
7875
7568
7120
7901
8629
7271
6179
7525
6793
8881
7384
6846
8401
6400
8034
7547
6819
7088
6988
6952
7699
8962
7112
7084
6924
7647
7181
6980
7464
6683
7683
7231
7665
6940
7230
7966
7676
8573
7617
7886
7165
7160
7369
8061
7006
7037
18958
8350
5857
7628
8251
7168
7756
7305
6226
7273
7461
6866
6844
7753
7007
8439
6674
6978
7577
7457
7639
6229
7555
6571
6795
19113
6904
7090
6477
7076
8119
6863
7249
7813
8175
9759
6540
8238
8237
7467
7790
9609
8726
7654
8286
7981
7452
7927
6741
9057
7758
7848
6029
8773
6508
7044
6676
6412
7835
6667
6833
8476
6833
6416
18463
7161
7888
6840
6850
8738
6867
6738
6948
8512
7851
7008
7477
7597
8042
6415
7422
7920
7601
7366
7467
8578
7704
8372
7794
8599
7120
11188
6848
6940
7521
6876
7312
7892
7025
6272
6010
7933
7611
6654
8382
7396
6234
6207
6802
7207
8583
7772
6914
6665
7114
6440
6734
6510
6644
29576
5971
7956
7531
7706
8644
8033
7893
6781
7331
7235
8280
7052
7604
7171
7304
8411
7088
7004
8643
7265
7104
7419
8426
7872
5554
7710
7409
7028
7788
7352
7496
6624
7404
6787
8866
7758
6008
7660
7080
6823
5961
6087
5918
7247
7563
7172
6590
7615
7082
8411
7882
8632
8158
7508
7520
8277
7299
7243
6279
6725
7879
6934
6796
6641
7258
7793
6847
6347
6500
7501
8614
6735
6625
6373
6339
7486
7254
8131
7384
7488
6794
8051
7715
7487
8610
8209
8826
7759
6191
8602
8558
7977
7045
8260
8405
6772
8120
8503
7402
7832
7653
7020
6732
7955
7742
7454
6707
6702
7647
7246
18853
7662
5588
7814
18812
7549
6899
6008
7395
6979
8085
7763
7717
8353
8419
8108
6302
7323
7231
7167
7210
7329
7893
6986
8289
7375
8881
8704
7493
7873
8077
9561
8533
7083
8211
8563
6736
7022
8025
7201
7095
7273
8563
8187
6877
7308
8458
7108
6694
6905
7403
8376
7839
6663
6886
8436
7270
6833
5974
7964
7613
7742
6984
6496
6434
5988
6979
8991
7661
8669
7122
7569
8129
7762
8048
7473
7125
6981
8266
7459
7453
7712
6633
7460
7606
6635
6840
7955
7223
6046
7487
8545
8258
7670
7858
7144
7312
7301
8732
6474
7408
6746
6062
7587
8489
7126
8138
5885
7308
10074
7595
7104
8266
7389
7791
7966
6468
7203
7369
7236
6893
7465
7607
7849
6472
6969
5932
7279
6765
7142
8384
7688
7692
7745
7288
8398
7997
7667
8181
8114
7599
7567
7413
7485
6879
5962
6579
6923
6733
7586
7489
6466
7069
7168
9021
7508
8620
6576
7409
7604
6436
6998
9558
7554
8190
7417
8517
8444
7706
7063
8640
8069
6634
6627
8088
7141
5984
7688
7549
7389
7446
6384
9809
7266
6779
8023
7449
6635
6993
15209
6298
19042
8662
7808
8525
8130
7595
7913
8311
9003
7455
8569
7166
8400
6267
7942
7685
6905
6518
6920
8108
18917
7894
6652
6319
7188
7022
6322
7065
7445
7592
6217
6576
6430
7649
8013
7203
7248
5537
8075
6886
7329
7955
6770
7675
7776
9834
4359
8780
7939
6721
7523
7090
7624
8096
8361
7444
7643
6845
7447
7440
8022
8297
7993
6972
7098
7818
7151
5951
6217
7853
5909
7236
7938
6673
6968
7636
8963
7167
8119
6955
7113
8280
8138
7166
7238
7404
7117
6615
5961
6611
6653
8482
8105
8219
8696
6699
6868
7606
7429
8299
6359
7899
6256
7405
8547
7466
7748
8009
7210
6104
7544
5977
7020
8630
7381
8342
8225
7782
7915
7496
7567
6817
8281
6649
7779
18088
7460
7631
6063
7711
7469
7379
7808
7774
18196
7598
7595
19913
8830
6844
5834
8390
6852
8144
8087
7880
10157
7110
6276
7046
7364
7752
7158
5913
9014
6681
7510
7963
7558
7337
7996
6526
7533
7722
7479
7650
7720
6356
8092
6133
7776
7639
6600
7690
7537
7404
8149
11268
8002
8154
8213
7886
7881
7850
7311
7512
6065
7923
7424
7469
7225
6475
7054
8000
7318
5762
7658
7828
7386
7434
7027
7749
8035
7586
7617
7452
7006
7151
7714
7539
6145
7871
7947
7631
7164
7714
20089
8308
5456
6494
11146
6560
8036
6864
7616
6682
7873
7580
6931
6969
6231
6243
7319
6626
7415
7559
7473
7587
7756
8054
9017
7596
7601
7493
7241
8172
7944
7710
9339
6083
7395
7030
7597
8425
6883
7502
8354
7534
6982
7526
6686
8042
7642
8903
6804
6708
6957
6464
6942
6573
7776
7497
6735
6504
5762
6831
8394
6709
6990
8531
7276
8518
7609
6926
6090
7667
8079
6804
6259
7398
7445
7601
8127
7619
7012
7758
7965
7434
7274
7734
7600
7257
8056
7076
6555
8138
7230
7767
7752
7974
7580
5915
7342
6825
6707
8375
7639
8112
7613
6861
7945
7316
7657
7079
7393
6983
7669
7629
6897
7287
8210
5890
6997
7121
7410
18500
7396
7027
6857
7306
6847
7226
6904
7264
7588
7822
7128
8396
7870
6742
8188
8270
7807
7133
6968
6700
7340
5381
6142
18754
8636
6175
7962
5979
7271
7191
7105
7470
7841
18483
8536
7523
8074
7216
7410
7194
7357
7716
7767
7316
7749
7765
8176
9377
6095
7103
7819
7824
7738
9201
6839
7471
7321
7200
7922
7912
8992
7025
7415
6851
7544
7814
7527
6674
5728
7781
6744
8105
7771
7437
7027
8384
6060
7574
7280
7686
7788
5918
7613
8419
7684
7659
7486
7965
7347
7750
8903
7092
8564
7936
8063
11428
7968
7655
7409
6402
8598
7702
6904
7256
7593
8268
7958
8196
5902
7772
5816
5528
7393
7473
7693
6644
7398
7381
7078
7619
6494
8214
7306
6718
7118
8336
7203
7887
7931
7966
6980
5618
6751
7552
7146
9621
5565
9320
9193
22098
8490
6354
8014
8009
6834
7531
8089
7480
6456
7663
7561
6779
22092
7724
9123
7659
7127
8123
6553
6074
7302
6431
8021
6988
7409
6245
8311
8280
7178
25059
6339
7437
25764
6804
8416
7961
7249
6618
8520
7028
8004
7627
7944
7244
8569
7250
7129
7620
7333
7207
6180
6458
6619
8746
8522
6485
5994
5394
6895
8911
6715
6997
8561
7606
7364
7046
7537
6860
7936
7024
6581
6800
5907
7142
7104
7219
6495
7831
5963
8392
7016
7456
9069
7806
7260
7351
7621
6925
8517
7723
7055
8703
7198
7519
7761
7230
7001
7510
6835
6784
7987
8548
8699
6135
7183
6912
7053
7669
8903
8482
7596
7594
7582
7846
9010
7587
7184
7872
8055
5946
8157
8198
9102
8054
7851
6056
11476
5304
7675
6402
6743
7654
7589
8023
7958
8816
8951
7406
7323
8314
8721
7444
8161
7760
8257
8111
7668
6574
8015
7202
7703
7706
6367
6515
7410
9549
7603
8055
8035
7202
6991
7492
7275
8308
7258
6097
8716
6699
5902
7324
6974
6932
7772
7709
8862
8583
7913
6925
7867
7959
7763
7624
6423
6019
6041
7009
7912
7880
7669
7481
6589
8484
7760
7024
8037
8556
6674
6509
7537
7351
7570
7498
7952
8589
8965
6882
10925
8059
8982
6417
8763
6589
7884
7692
9254
6456
7186
6721
6039
7505
7454
6209
7641
7464
7800
6152
5941
6615
6369
6062
7504
7709
7664
7522
6568
7186
7798
7439
8589
6137
8502
7007
6278
8686
8099
7238
7010
8926
8834
7921
9487
8079
7044
8729
6724
5765
7939
7197
5828
7148
6372
6469
7481
7820
7061
7272
7816
5757
7801
5962
6859
7303
7019
8764
5582
6600
7938
6074
7811
6907
10254
8360
8060
6233
8461
6854
7661
7192
6513
7542
7806
8522
8191
8298
6494
7498
6180
6078
15072
7453
6629
7824
7406
8235
8206
7338
7946
7306
6516
8200
6320
7559
7941
7246
7821
6306
6598
6657
7310
6777
8692
9262
7269
7012
7170
7624
6504
7899
7269
8395
6169
6779
8494
8740
9112
7397
7490
6623
6647
6000
8180
8617
6430
7160
7739
8644
7353
6219
7295
7019
8527
7082
6533
8822
7852
7514
8258
8195
7757
7069
7722
6255
6156
6679
7658
6521
8922
7806
7565
7098
7906
8048
8508
8427
7446
7810
6797
6848
8145
8087
6432
7259
8556
6683
8176
6410
6508
6944
7380
7562
7385
6978
7736
7152
7222
6553
18557
6826
7165
7479
6719
8025
7703
6639
7830
6594
5884
6743
6146
7652
8011
7615
7177
7785
7728
6340
7858
7761
5449
8130
8307
6224
8315
6560
5987
6957
7528
7841
6139
7820
6814
7521
7392
7540
7935
20266
7291
7809
7605
7895
6926
6644
7295
7406
7535
8466
6968
6672
8554
7823
6438
6450
8068
7582
7456
5892
6650
6801
5988
8423
7492
8832
7839
5979
5525
6680
7614
8349
6946
6682
7784
8751
6547
8175
7074
7262
6599
8805
7392
7977
7778
6700
6727
8725
7059
7963
7319
8392
8733
7409
6451
6967
19659
6048
6421
6862
7182
7743
7867
7112
7943
7733
8850
8382
8254
6553
6977
7060
7248
6532
9044
7248
8685
8175
8593
7302
6842
8655
6694
6638
8123
8254
7417
6766
6957
6654
6750
8130
8293
7439
6474
7688
7641
7011
6472
6804
6241
7850
8216
6647
7935
6383
8141
11158
7406
6746
7623
7736
7846
7689
8415
7657
7702
7812
6489
6302
8012
8262
6625
7120
8306
7703
6173
6792
7363
7514
6716
7323
7474
6146
6042
6600
7155
6447
7677
7596
8271
7696
8464
7718
6640
7785
7517
6598
5361
8441
8242
7291
7584
7234
8150
6804
6696
6571
7394
7032
5895
7454
7419
8137
7308
7786
7879
8551
6644
7590
8557
8114
7190
7235
6915
7471
8171
7555
7868
7847
8438
7885
6920
8524
7622
6895
6488
7285
7909
7611
6477
6374
6629
8531
7985
7755
6498
6980
5640
7626
6397
7511
6850
7975
6561
8575
6670
29639
6840
7597
6892
7443
6457
7855
6786
6594
7885
9261
8109
8739
6045
6727
6377
8066
7466
7879
6124
6091
7483
6414
8401
6839
6549
6779
7862
8238
6752
19253
7528
6395
7098
7393
7331
6803
6543
6696
6634
6965
6907
7054
6917
6743
8042
7985
6552
8593
7689
6618
6535
7244
7530
7982
7905
6514
6887
8747
7038
7555
6929
6671
6588
7645
6901
7701
7673
6835
7625
7675
7879
7170
7138
7154
8246
9041
7654
7968
7152
8983
7170
7373
6421
7983
7417
7770
6594
6551
8538
6740
6761
6648
6602
7440
6866
7679
6923
7723
6698
6942
6792
7016
5901
6614
8848
6854
8863
7756
7195
7336
7878
7231
7454
6691
8651
7543
7226
6381
7661
7473
7321
8714
7014
8635
8456
7242
7801
7390
8404
7215
6809
11207
18553
6455
7268
7292
6956
8250
5735
6004
6569
7720
7005
6760
8285
6912
7692
7910
7677
6917
6810
7826
8754
7830
6946
6476
7542
7611
7472
7993
8587
6876
8375
6753
7556
8521
7650
6860
7969
18592
7532
7469
8124
8988
7309
7854
7120
7715
7069
7732
7485
7529
8133
7638
6674
7146
7458
7615
7875
7192
6836
8157
7405
7065
6796
7011
7144
7092
7458
8401
8164
6899
7828
7880
7857
6885
10235
7384
6848
6789
6846
7189
7884
7271
7394
6098
6995
8062
8063
7010
7985
7274
7886
7463
8576
6984
6412
7145
7327
7758
7177
7332
7062
7888
7058
7578
7232
7268
7229
8523
7569
6550
7699
7938
8583
19309
7636
7532
6136
7453
7421
7551
7429
6705
7005
7569
6697
7231
6848
6410
8546
8878
6877
6446
8234
8598
7614
5746
7571
8018
7731
8496
7529
7729
7049
7473
6754
7153
7553
7131
7272
6799
7727
6955
6387
7287
7693
7772
7307
6968
7694
6187
6490
7593
6881
7863
7060
7893
7846
7517
7107
7414
7259
7552
7578
7000
6949
7690
18658
8042
7732
9537
9837
7775
5803
8864
7451
8018
7279
7972
7849
7168
7353
7615
5984
7553
7812
7305
7837
5777
8262
8335
7970
7893
7551
7563
7090
7363
7065
6900
6661
6950
7207
7326
6236
6849
7637
7777
8041
7428
9311
9560
8408
6886
8452
7579
8583
7676
7850
7742
7529
8518
6233
7132
7519
8028
7873
7029
8597
19072
8030
7673
7074
7364
7168
7707
7268
7409
7616
6876
6072
7372
7663
19287
6908
7964
7556
6094
7342
6243
6817
7675
6732
7244
6916
8136
7589
7446
6312
7256
7756
6939
18209
7778
7723
7087
7131
7497
6807
8364
8653
7928
8261
7915
7660
7084
7029
7373
7708
7652
7583
7531
7398
7744
7519
6621
7624
7329
7555
6648
7821
6439
7316
6731
7263
6796
7616
7777
8474
8717
7241
7593
6795
7964
8149
6954
7532
7078
6285
6649
7052
6554
7730
7531
7213
8024
6929
7637
7356
6776
7167
6839
7435
5945
6173
7174
7760
7022
9211
7055
9021
7202
7230
8076
8677
7786
8602
6206
7679
6964
7489
8049
8910
7809
7778
7223
7295
6395
7275
7300
7723
7576
7712
6719
8124
18981
7318
7732
6961
6337
6427
6958
6560
7299
8875
8270
7131
7818
7917
6687
7992
7334
8126
7407
6733
6372
6534
7791
7414
7416
7738
7513
7672
8143
7043
7355
6222
7380
8417
9105
8539
7210
7923
7326
7597
7414
6977
7837
7125
6655
6772
7110
7683
7272
8428
7512
6892
7886
8397
6888
6465
8421
7872
7410
6794
7309
6850
6881
7163
6987
7498
7385
7672
7815
7812
5810
7822
7542
7545
7935
7667
8971
7797
8148
8010
7603
7740
6710
7454
7903
8072
7084
7207
7841
7252
7226
7573
8835
7089
6453
7281
7070
6614
7465
8363
7374
7765
7548
8289
7991
6368
7378
7806
7690
7547
6141
7363
8109
8016
7137
6770
7396
7569
7343
7620
7987
8964
7838
8075
7542
7219
6733
6651
8304
7139
7110
7572
6629
7228
7326
7258
8052
7149
7554
8323
6631
6778
8099
7832
6747
7400
8177
7977
7542
7823
7384
6907
8050
6349
7776
7135
8161
7732
7672
7559
7711
7615
6758
7126
7636
7193
7528
7622
8029
7698
7484
6604
6278
7152
7227
7926
8233
7280
8792
7945
7380
7157
7053
6887
7373
7852
6512
7666
7691
6651
6610
7153
8408
7731
7492
7102
6754
7165
9615
7931
7187
7915
6915
7557
7312
7905
8964
7518
7111
8875
7122
18442
7448
8661
7568
6633
7256
7569
6542
7441
7000
7019
7899
8446
7452
7297
8099
7060
6962
7170
6943
7816
7578
8396
7293
8480
6827
7800
7622
18347
8686
8190
7173
7678
8426
7587
7569
7850
7941
6845
7289
8398
7802
8696
7158
7403
7863
6714
7734
6378
7050
7718
7201
7518
8072
7397
7741
6009
7753
7733
7301
7060
6621
8510
7455
6050
6867
8229
19053
7637
6971
6672
7916
7395
6410
8357
7332
6706
19020
6381
7267
7330
7854
8877
8638
9308
7064
7722
6414
6818
6486
7683
7386
6569
7566
7347
7421
7382
8425
5988
6963
7297
7244
7043
7753
7803
7286
7570
8147
7355
5805
7741
6642
6937
8663
7487
7149
7846
6846
7914
7869
6670
6823
7923
7667
7713
7166
8216
7687
8053
7422
5562
7850
6834
7514
8007
6600
6451
7183
7662
6572
7032
7495
6608
6776
8382
7585
7162
7990
6374
6265
6019
7683
7132
19233
8540
7370
8165
6586
7066
6825
7027
7107
7728
8499
6993
7855
6964
7638
7028
7646
8159
7846
8240
7381
8342
6619
7367
7610
7464
7307
8083
6982
6808
7538
8428
8041
7935
19347
8022
7953
7991
7239
7687
7566
7618
7683
8114
8421
7263
7591
7598
8054
8019
7977
6352
7751
7426
6995
6352
6407
7559
7802
8754
6358
7658
6743
6527
7514
8192
7346
7779
6507
7378
7279
6766
7706
7371
7917
7869
6356
7494
7508
7264
8645
7475
5951
7452
7433
6498
6120
6318
7487
7519
7990
8046
7302
6578
7830
6463
6079
6454
6729
7162
7353
7163
7342
7126
8085
8479
6650
7346
6568
7846
8114
6265
7752
7286
5705
8613
8266
8179
8026
6971
7662
7759
7627
6267
7285
8250
7309
7481
6593
7473
6950
7258
6856
7490
5976
7932
6235
8161
6970
6369
7972
7232
7025
7105
7866
8811
7238
9366
8449
7608
7165
7075
7827
6369
6935
6656
7203
7303
6194
18154
8095
7029
7461
5877
5483
7646
6605
6231
8018
7550
7604
7934
7453
5456
7227
7177
7537
7367
7750
6143
7182
6989
7126
7580
7162
6940
7233
7099
11311
7952
8060
7531
6653
7142
7600
6510
7512
7421
8410
8441
7190
6458
7509
6258
8189
7639
7515
7442
7722
7385
5957
7145
6714
7922
7651
6742
6915
7861
8426
7347
6855
7556
8344
7861
6193
9733
7611
6878
7465
7555
6852
6177
8837
7601
7531
7867
7187
8474
8432
7595
6884
7463
5853
8208
7060
7632
7254
6820
7912
6870
8389
7812
8339
8283
7733
6867
7258
6551
8468
7550
7909
10093
6946
7273
5779
8107
6575
7698
6940
6354
8111
19259
7067
7049
7097
7678
7946
7217
6810
8032
7087
7062
7730
19218
7325
6916
8843
7430
7341
7591
5849
7481
7151
6291
7040
6935
7015
7651
6954
7446
5687
7009
6878
8126
7333
7586
7104
7126
8254
6815
6692
7829
7069
7808
7507
7283
6243
7498
7952
8186
7981
7563
7359
6851
7827
7177
6597
7118
7026
7902
7453
6660
7913
7888
6907
7047
8182
6832
8114
7455
8355
8686
7607
7600
6949
5969
6862
6302
8131
5960
7539
6818
6847
6764
8082
7662
7124
9491
7262
8114
8251
8519
7873
7151
8021
6549
7527
6921
7116
5869
7610
7510
7473
8236
6591
6598
7633
8012
6782
7645
7832
7195
7331
7031
6766
6672
6723
7970
7161
7064
8501
8299
6276
9354
7614
7648
