27160
13704
14097
15291
49823
19618
15521
23524
18373
22027
19323
15169
18407
22759
11883
15786
17742
23018
31108
22622
20108
18119
17245
17524
14907
49652
19574
20535
20750
16590
20774
16649
17809
16918
11206
15118
17731
18082
17786
12095
13176
16112
15196
18436
19134
18162
59298
18223
18504
15252
16092
21141
22504
18431
23166
90660
14013
18035
18092
13646
18015
15106
15366
22555
14439
12807
18585
49089
16302
22422
14909
15032
51113
21184
16708
16648
24772
11916
17757
12417
19033
16161
16902
19970
12491
17757
18067
16768
49832
14447
16677
11916
22807
23093
17893
12863
18338
24508
22964
11977
15447
14489
14683
15993
17735
17793
12994
11237
12299
48702
14984
15935
14870
17719
15358
12881
19135
17129
10253
11282
14170
22628
49343
17804
17984
18352
12359
17696
17980
13113
47985
16863
18182
18325
17852
22688
18029
15722
17674
15576
18135
14983
12728
12797
14041
17880
14516
17302
18517
22455
17716
19585
16661
22008
13348
17757
12861
13257
15968
18761
19296
17515
20742
20875
17699
26652
18536
18234
22192
18955
16511
12940
49992
15433
19132
15019
17327
19343
19257
17983
18194
17824
13841
20827
17390
17735
15886
14168
15087
21077
22247
48731
12513
15169
17128
18743
14428
60108
18780
14699
14630
14802
19104
19310
16794
18390
28333
18633
20353
16649
19110
42501
18346
25542
18510
31091
22737
22221
17633
19364
18314
19545
47894
17810
18204
16191
48810
15417
15786
15746
16312
15276
18034
17877
24728
11898
17521
19230
16259
14981
14932
13026
14325
18090
17921
18966
20177
14914
49701
15249
15038
15986
17678
20496
20282
9902
20359
16825
42020
14923
12917
17366
18971
17757
19011
18040
18395
20201
15054
16433
23066
132880
12518
49141
15017
21238
17792
13878
17593
17559
18373
17773
15801
13408
18116
14400
97246
22250
17949
10020
18407
17962
17647
13576
17952
13749
13905
26781
50334
17385
13936
16989
15664
13337
18383
16226
14868
15042
17602
18050
17532
18408
16309
23053
17872
13719
17675
19165
18592
16838
17949
15567
15872
48439
55418
18902
17964
48696
15063
19270
14548
11661
17621
18729
14839
16018
17906
14568
14868
19283
17975
20438
27751
20565
17170
20779
13566
17983
48566
14203
18768
21893
44704
22660
18162
15065
22079
22154
15944
14142
17459
17666
17913
19460
14014
23776
22530
14841
18531
16076
18846
22302
18347
49783
14601
22779
15709
16112
19410
18114
21543
14743
14299
17651
17811
18302
39368
20515
14094
14450
20870
24623
13261
22139
19544
14948
22684
18167
49006
15512
15051
16048
13206
13379
19457
15684
18334
16790
13224
17744
15019
15035
14795
17958
17437
18628
18169
15530
21413
15655
17414
18766
13287
22427
18787
18719
20397
22211
20166
49251
17253
15574
14425
20993
17439
14305
15123
14296
33361
15644
13088
14938
19348
17605
15865
11883
13536
17887
17188
24737
12482
14927
22919
17780
16914
22714
25207
19597
22887
13241
49710
12920
14841
24665
15417
18730
19045
12388
17717
19480
13050
14159
16692
22727
14940
11810
48052
16872
20525
30615
18035
14008
13402
18508
12249
22364
14546
15192
14645
18424
18192
49080
15467
23406
18152
13686
14477
13054
18060
17776
17892
19040
15628
15191
15788
16014
17410
13125
11110
14900
24351
23005
17884
14950
22170
13844
17796
16042
14204
23156
16971
28275
16858
48761
18612
15204
14486
17837
11886
18025
13968
19059
22200
20517
19058
22543
15003
22422
17983
12801
19052
13456
49898
12953
17327
15615
20716
11512
17881
22907
17692
18133
15175
15283
48101
17984
20717
24915
41143
17701
22649
14574
18282
19015
21212
27213
20673
20847
20963
17470
15134
15285
22765
16886
22313
12376
15007
24751
16843
17549
12507
16572
14358
18169
14854
49025
17855
15778
22604
14982
22743
18056
13809
18020
12033
18132
15783
16823
18568
18743
25051
17994
18072
18108
13879
18910
17546
21880
44828
20593
14093
16772
17327
27391
22593
19705
48933
16235
22134
17879
17989
15984
9652
11264
23691
17389
18361
18260
15276
24546
16972
19526
18349
16098
15331
18887
15513
18197
16644
12798
18197
12898
14267
18373
15558
16201
16794
18395
13041
16358
48325
14114
15921
48994
20411
14364
18103
20602
17465
15953
18979
12997
17997
20958
23005
19027
17894
10617
15467
9975
18246
14648
18109
19106
19625
17825
16865
14219
14893
19181
18412
13819
22097
19232
48793
19285
22762
14723
22773
20289
15359
22740
20935
22668
49014
19203
105329
21137
20887
20586
14392
22467
11439
20663
23332
14582
12861
18525
14702
15947
16205
18136
17991
22667
14720
20435
23065
14882
48422
12922
12987
14972
18283
13029
12257
12870
16780
14850
18773
18958
18035
12913
15574
15267
18582
18774
18126
17880
18017
20910
18048
16527
17411
14494
20612
17598
15117
17333
16056
14580
14495
27371
50863
13155
21822
14078
14839
14882
18026
22904
19358
15505
17934
25240
16623
17780
22906
19838
22316
14424
18606
15316
12721
24959
19403
15073
14225
23515
17567
22500
15596
15040
21078
22458
407426
27332
48088
21336
16840
16816
18977
17840
19177
18356
13293
18284
15447
18986
14715
15903
15544
17917
17712
18604
22889
12411
18147
15582
17697
23014
18101
46971
16594
18061
16616
19028
17008
15226
15118
12736
48696
18417
16942
18080
23368
17631
15412
19060
20236
17331
27836
20426
15305
16741
15450
62543
26628
48422
18088
50168
18055
10206
14180
14988
17729
14689
14922
17749
15210
15091
17782
18342
17634
18525
48538
49851
15876
14967
24290
16645
14095
20486
15229
17808
48992
20149
18157
19582
14145
13651
17511
15112
17111
17932
17291
17731
19628
19585
14574
17675
12980
15428
18105
23295
17892
18366
17406
27441
49938
17870
15693
10944
13009
11281
13247
15536
17610
19732
18233
15690
15904
18924
13462
15360
17590
18951
19131
48676
15292
13524
19740
20880
16284
20162
17815
15596
21136
11799
17190
16468
17233
13196
16007
24525
19680
19629
49430
18519
18385
19474
17982
15044
18120
15934
19284
17654
14771
17739
17934
14075
14794
11983
14636
14932
17757
49492
12276
18060
17096
18588
15828
18975
14626
15681
18078
13153
14938
17904
11853
19500
17915
22337
20635
17193
49848
20673
21372
22572
15507
22348
22262
15016
198745
13897
22388
19426
16362
19164
21917
17793
11991
22086
16605
48918
18301
19007
15283
18494
19669
22994
22597
22794
16243
14910
11809
12677
18064
18157
17712
15346
18494
14799
50093
13487
15880
17701
19632
17963
12238
17685
11779
22496
27762
48694
15095
13969
19503
18952
15066
16098
15820
49666
18263
15198
17673
48569
13323
15093
18519
15959
47918
18024
15957
14814
17557
17593
18091
18114
17675
12395
49748
15664
14838
22274
21631
15181
16410
19161
17627
15679
11749
23116
23568
17396
20601
13907
17907
17691
19420
49038
14909
15308
13140
17946
14811
12075
18365
16346
18168
15926
12630
24915
16267
19174
16228
17874
11818
20351
51558
17631
15038
17881
14769
13911
22303
22594
13810
17521
15680
16018
16086
18502
15286
18886
18576
16110
13422
47367
16740
17260
27748
31547
17893
15127
24817
17912
18058
16154
17964
19889
13964
21447
11876
23406
14617
23323
13671
17093
48681
18395
16523
15340
18184
18164
18137
18126
15030
23098
17937
14706
17028
15176
15927
22831
14671
19286
22908
18193
13952
48968
14943
15392
18408
15552
16866
20649
65354
17514
17929
17947
19423
15358
20790
22478
13148
13275
18491
17264
18382
14347
49614
14495
15282
18012
14918
15026
15086
19441
18253
16714
19352
14785
21136
12082
14923
15297
22936
18946
18146
19323
18956
47360
17881
12665
17861
17565
17718
20747
12335
19524
17077
20792
16007
17836
15556
20484
13693
15016
19261
14629
15192
18351
48813
19736
17873
15419
11467
18049
12483
22533
19170
14417
18177
15094
12104
15893
14042
17977
18013
16339
17784
15214
14332
51602
18045
14126
22436
18077
13482
24801
20826
17019
17130
16878
14073
12879
22376
15041
22254
16734
17740
17848
15241
18032
153086
16520
16567
23211
13659
18011
14056
19246
22991
17838
14347
24121
19111
17139
18154
11441
20651
18317
48872
17875
49827
49459
14812
22119
19003
13992
18066
23770
18407
23369
14371
17698
13907
16997
20782
22270
23122
13367
13769
26322
14462
23016
49582
13702
18080
14466
13759
19325
30604
17222
16492
17743
15847
28546
12519
19657
18437
19439
14629
15825
48709
19515
18464
49150
14932
22542
15394
16792
14978
17523
16651
18059
22312
23484
19665
18182
21099
17891
22744
15178
13811
25297
15741
23464
50231
15698
17074
24279
17881
18952
13442
16132
17261
15295
18099
17868
15907
15394
15118
21229
17905
12555
19585
24706
15313
23004
17922
13859
12692
16475
14564
48794
18604
16047
14582
19243
16089
18324
15765
18183
15680
14029
17548
20517
22667
16398
15969
17869
18848
17785
18698
22735
17341
15200
17448
18146
18324
22240
49685
14204
18816
24561
17884
19209
18899
25443
15827
20642
16140
14291
15378
15894
19227
14117
19077
21976
18896
22236
14997
17460
16011
15112
16470
16792
17896
49319
20455
16599
19378
21213
15156
17882
23350
17936
17947
13107
15251
18305
16918
23270
17730
15896
14672
18982
19407
19725
22632
23097
17775
14964
13702
17903
94859
13650
12259
18350
18184
50676
17969
19271
17976
15386
15475
12603
19103
18554
14893
13039
22346
13309
20889
16757
16422
18550
15339
23211
15347
23258
22612
48707
18298
18537
21786
14515
17770
17745
17752
22577
13578
20378
15703
14116
14798
18633
12787
18371
15852
18177
18503
19762
18463
27357
17626
18228
15363
14936
51080
17746
14345
13278
17349
27693
20911
27681
16032
16902
26684
13491
17588
17447
14467
18012
15879
15358
18576
16222
17447
23083
17706
17894
13407
14800
22553
47819
19042
15435
14628
15791
18715
16571
17890
17138
16653
19193
18109
16690
18053
13867
21888
48727
15141
15430
17983
11836
17690
16477
14613
18806
15939
17877
49610
18268
18060
22376
15426
18907
18432
14950
14083
15925
48949
17597
23276
18129
17412
14897
15203
41334
14701
15907
16007
17942
18329
18184
17745
17084
16051
14475
20866
21866
15403
18008
14789
20596
14827
20993
27518
48157
12646
19628
18152
23819
16609
20744
14691
15997
17913
19622
13906
13763
18846
15438
19480
18073
17935
22374
19982
18245
23013
15560
12259
17343
18288
12301
22738
18266
21988
18826
22959
15927
13715
14847
14775
13631
48931
12414
18076
14698
8084
21358
15839
20356
17987
15154
17904
22426
22549
13230
17647
18274
18070
22205
16498
18836
22350
14737
22706
17184
19602
17985
18626
15298
23052
19527
14902
15694
18246
15316
17878
48788
22336
42694
22825
25387
17800
23649
19657
18072
16143
16946
17772
17462
18705
22793
22265
17232
22560
39691
18167
16368
14472
18042
13890
14911
14706
24515
22381
22689
19059
18049
23181
15122
14177
17740
22314
24725
17954
17503
48800
17733
19487
15771
12226
11224
18106
18066
26662
22189
102053
18330
17212
16663
27424
22903
16462
15480
16473
22263
17993
80619
17636
13699
17652
11592
16253
13664
15850
12670
19230
18300
36714
18398
15365
18216
20441
49904
49317
19411
17890
15110
19610
18290
17963
15128
12711
16051
22885
17743
18474
19377
13530
17643
20794
27025
18042
13844
17731
13305
18228
16021
17809
18432
19192
18381
13190
18201
18950
16608
17944
19636
13814
20702
49104
15225
11935
23709
19230
18316
16390
18707
22464
14799
13865
18038
15141
23040
19055
16480
18601
17941
24679
15884
18274
20631
59349
14723
17226
15021
16007
17531
48209
12472
19181
18295
14397
18032
15227
16370
14585
48862
15757
13079
14394
12135
11152
20550
18316
15661
14987
22883
19534
22801
17935
21717
17716
17791
20208
21076
15159
30322
11595
49749
13105
18010
24628
12483
20728
21253
16800
15381
22282
16287
21888
49749
15112
15958
14486
23592
14862
12205
22345
14893
19197
11840
19017
17865
13332
17601
13231
13784
14332
15996
13179
19149
14994
22237
22802
18354
18250
18466
15903
18019
14480
18080
12670
13257
18180
48509
12531
27636
17344
17592
17400
18470
28075
15783
15470
16185
17674
22491
19627
19475
19324
14175
24756
18498
16946
48775
21787
13243
23283
14928
14879
15011
23496
13718
25491
14424
15285
18015
16591
49992
18622
18374
22579
16487
22815
17491
19324
21234
27535
19014
17393
18577
22951
15586
25350
13040
18672
14000
19097
12799
19027
13637
18511
17792
21966
24473
14110
19427
15863
19409
22607
18401
15996
50843
19434
16807
13253
17634
12159
15318
16412
18261
14215
14771
18762
44127
14338
14867
16113
15879
20236
16720
13982
18118
22732
16919
15004
18017
18193
13984
17738
15159
19050
19501
24548
15092
22601
10791
14590
16883
13167
17962
22697
17744
15901
12603
24986
18847
13053
18249
16329
18199
49900
22014
23233
20737
14853
14790
18145
15132
22510
22363
19152
15288
14389
12865
13877
20480
14314
18273
18042
48705
18086
15864
13611
18378
14050
19289
14906
15353
11847
22436
14953
14809
17822
19195
15624
27424
17447
12764
18346
14693
16051
12333
12129
14785
14976
18467
17689
22846
22320
22657
15416
16282
14588
42790
16488
20903
13240
19192
18411
26088
17596
17885
15720
18409
11790
13593
18467
14457
17937
23401
22558
14464
13140
16102
13563
18104
22484
15587
14876
17423
15155
22515
22363
16475
17537
14509
47398
15772
22539
18448
18377
15301
22805
23004
15632
22681
15541
27201
14326
12892
20592
16963
16448
15080
19147
22380
22301
23148
17272
14951
14896
16261
16817
15132
14815
17644
18293
19288
18581
48625
15917
18270
22693
13275
18202
23314
15016
22973
17976
14162
27814
18282
22847
15882
18045
14745
25053
21366
57598
18436
21114
22261
17853
26871
14284
17564
17698
23635
18052
14955
22906
14771
50121
19148
18009
15007
19067
18068
14658
13582
19458
17995
73432
22304
14120
15417
13447
25179
17597
22389
14831
16469
18796
13557
18116
17524
13947
17504
18313
18170
17612
15046
18392
48521
16695
48909
14592
18230
15976
62021
22307
18827
22765
17878
24991
14161
20729
15198
19485
12477
14496
14052
15543
15159
15868
18252
17872
16079
17715
15000
14205
14617
17412
22604
19301
13920
14757
11509
48093
18179
22672
19309
13693
15756
18657
11736
22292
15912
21034
16775
13899
14506
15982
22395
16826
25102
15020
15383
12362
20558
14939
18732
18191
14768
107817
14135
11008
22345
22910
14898
19209
51510
13556
18310
16019
13878
23452
24751
12788
17798
19167
15384
24695
22741
17814
14518
17915
18250
14814
15264
47756
49036
16250
16526
19350
22901
14688
14657
22663
16074
14784
25068
14790
12886
15183
25664
10424
11734
15794
48012
18077
22272
15089
22998
37191
22691
18144
22917
17796
15454
13722
22741
22753
18843
18326
24457
14969
16059
48227
19518
17793
23703
12990
17573
14496
26068
27461
21100
16018
14033
20295
14875
22650
93931
22371
14029
13168
48957
18361
19038
17808
14181
14800
12431
16426
13694
13397
14679
15499
15428
18920
14867
19491
18004
13653
18112
48194
18749
22939
18160
15761
10604
15841
17760
18274
17480
18117
18001
14144
17859
17238
16715
14109
21658
17638
50159
17758
13150
18032
22357
19454
13888
17096
17678
153951
25769
12853
17599
14052
14532
16064
23107
21492
16723
48841
22973
17973
16074
14473
15759
22962
14778
23113
15257
15468
19116
14614
17153
18199
14887
18991
20272
49398
47330
27327
29897
16983
15454
14074
15356
20394
15083
15595
15782
17486
17167
15511
13520
13114
19361
23370
17489
51477
15126
16373
18102
12580
14369
15050
18019
18106
15959
16106
17896
18190
17999
12201
15041
15024
16319
14779
48185
15397
17304
22894
22631
18581
12786
20671
27119
21271
17215
15038
15611
19220
17387
13613
22769
13062
16087
46220
18597
15968
23053
16546
15321
16265
14983
12426
18878
14778
17828
15590
19241
15352
12902
16550
18891
14803
48310
13356
20878
17558
19433
15634
23031
22625
17969
22175
19574
13169
20389
20864
21205
17613
18949
27565
17571
14261
15856
21032
19670
22800
14558
13740
16048
15382
22565
15126
15100
17675
17859
15768
14895
50596
14537
14574
15945
16834
12841
13020
23426
19698
59040
12329
14125
18084
15633
18592
13651
13904
15059
17905
16543
22552
15820
14118
16689
17359
17784
13211
22682
12248
15900
17923
10762
16592
14916
47310
47492
20859
15548
17521
22973
21787
12534
18273
18964
22953
15944
15111
17256
16387
15506
12888
16256
20740
15819
14802
11101
19150
15209
22941
14807
14265
17651
18046
14071
18121
20895
16809
20257
16959
14920
49550
18356
17758
19392
17786
18040
18525
17823
22394
13900
14734
16530
13938
13983
15071
14191
19260
15203
15047
19090
14477
15318
41646
15127
22876
18863
22456
17587
19705
13708
15342
15122
13712
22239
18185
48475
20664
22213
14948
16305
17009
18269
18348
18076
18934
17957
17833
18874
15071
18798
11275
22546
12829
18974
17398
22272
20652
17715
18598
15723
14483
17608
13102
17225
15965
17995
18952
22296
18740
14855
49558
18226
13407
14630
14450
21022
17252
17709
22589
17176
12475
12244
20369
21103
18016
10254
20619
19111
15542
14802
17899
18889
22769
16167
13766
17769
18110
19341
12423
57416
18976
15293
18842
14882
14810
49196
17539
18220
15969
108228
15877
18042
10019
14386
18186
17872
18995
16198
16298
15315
14380
18037
15930
14935
20818
14738
21100
16715
16863
15427
50959
18191
18270
12785
13637
15486
18052
18086
15961
18555
48398
17889
18653
18085
14371
14612
18811
17907
19546
15290
22770
18182
14875
13891
18332
15149
18032
18013
22085
49937
22000
12841
49547
123765
11748
22754
15691
15042
11576
20564
16128
18321
18054
14780
22635
18020
18904
21212
51178
22888
22442
11346
18305
18699
22841
16625
17833
17809
10239
13270
14539
22453
15782
14711
68783
22025
14728
48397
16129
13928
14250
18439
18449
16359
17295
17761
19661
10712
19728
14941
18582
13378
21034
17434
16073
15052
47801
23283
16518
22352
18016
18428
16033
16352
15368
15213
14021
14847
22422
16542
15491
15554
12406
17095
15072
48272
18720
22324
18026
41127
17805
17327
67954
17501
18517
19100
18054
16635
18312
20996
18704
16741
22132
17948
48501
17804
16645
26283
21586
20387
14739
47977
13070
18375
16388
13390
15699
13219
12610
23572
18278
17932
22517
49459
15565
18209
18698
18288
14815
18902
11919
13297
21325
38458
20918
17377
14670
22316
17590
18015
14788
14973
49696
40822
18802
15358
22915
30327
20170
15218
21611
18197
15837
19055
18237
23332
21075
20696
16942
17272
17237
49961
17769
18369
15063
16290
22841
18777
14873
17567
17376
14992
22558
17869
18159
14822
10126
25597
17998
10976
50106
15034
19556
49028
16096
14657
30792
15536
31310
19028
17990
19597
16371
14448
34984
18854
12074
15740
14246
49584
12498
48983
14811
24710
12415
16606
16656
15283
15023
14979
18750
19484
21970
17983
15016
23091
22198
18209
17965
49424
15111
19071
17689
14056
14801
50040
24713
19378
19136
18810
22227
18182
19320
13797
15267
14267
22979
18466
14944
16860
24444
18766
22548
18752
25581
12530
18183
19525
17843
21359
21685
49586
14261
20852
20782
23280
20356
13984
20293
17983
15502
15129
19209
16831
12450
11665
18301
17328
20559
18056
15335
18144
18238
14683
12353
17762
39471
48722
14848
16430
17637
18090
22939
18380
18495
22485
18858
25460
17672
18332
14269
19353
18859
18570
20234
18024
13927
18985
26938
17109
17301
16738
15401
47630
14468
17978
19956
18599
15597
22733
15750
18289
14630
19473
18868
22065
18143
15357
11945
18665
17927
18092
15228
13103
22150
18345
19355
22339
24151
44904
17777
17042
18205
16142
17761
19295
13474
14689
17854
18753
11948
11761
14822
14243
14153
21111
21410
19199
23042
17263
18290
17615
18140
18165
19140
48540
16043
22355
17484
18945
17852
18289
16145
18184
18837
19576
17762
18209
17958
10074
15480
18950
18052
18983
18077
20759
18199
18178
14017
19419
17655
49385
15265
12664
17910
16620
18434
17897
14991
16542
15090
16386
20678
14977
21244
17273
16235
16603
22482
15334
51529
48339
23132
15417
17860
17921
12554
49731
22974
14696
17555
22500
14154
22254
12566
14944
15191
15686
17439
17769
19948
49922
15084
15222
22406
14938
15248
17430
18108
15330
12408
18095
22967
48604
13557
15334
18293
20942
21346
17402
20875
15519
18123
18011
17907
24633
17856
23290
17866
12467
12473
22052
13778
49696
15647
16165
18387
18098
13340
18473
18023
17477
18898
12224
13048
16690
17950
14910
21074
18179
15012
19197
15432
48838
13650
17324
15833
17940
19653
19200
18237
44032
10478
106434
20919
17250
21278
17167
17921
18338
13055
21178
19849
49440
20737
12539
14299
9903
17668
19187
19258
15280
14320
15373
16370
18199
12029
14630
19180
19484
24877
14987
22305
49312
17834
21529
14982
49488
19438
18007
13243
22493
17677
17992
22259
21737
14060
20830
20371
20671
20819
16642
19283
48031
18134
18079
19833
22081
15874
19508
15598
13992
18112
13704
14435
19278
18308
17891
15855
17832
20261
19229
17836
48028
19553
20903
15223
12345
17461
17070
15228
22973
18078
15767
14443
11856
17586
17920
17822
14974
18106
13546
50990
49047
16068
14795
17148
17563
22222
15172
14329
18136
18230
61470
13693
15082
17756
17990
18020
14418
22529
14780
15977
48867
15250
18110
13611
17856
17919
22906
17692
18827
15302
53729
14589
14585
22988
15780
16228
18303
15474
15288
15266
50273
15791
18382
15701
19500
16350
15527
28219
17184
15109
20457
30895
21016
17824
16392
17939
22572
18770
17783
19116
48429
15123
13553
20274
14836
22714
18753
17411
49260
19193
17876
13127
17405
12912
18547
17068
22558
15924
18741
49088
16475
14898
12927
39605
14482
17886
15054
18002
16472
18758
15033
17733
18038
16787
17058
20162
24192
105010
18516
17937
22065
11937
23678
21617
18436
15461
49917
18277
14439
15677
15221
18011
19801
17476
48609
16345
21785
14663
16312
17736
16396
22474
18223
19172
41203
16137
13736
23024
15594
14825
16019
18215
22594
14427
19563
18077
22469
20336
16108
17195
17981
18516
21276
14595
22474
24636
14690
14804
17780
46672
18526
18841
13400
22118
19492
16217
14311
18546
15131
19150
13094
17673
17789
17023
89761
11420
18566
18174
14900
25228
13212
15645
14583
23858
18042
14559
15884
17758
17706
15979
18283
16339
20673
16710
49992
16872
19070
21033
17804
18246
15685
16104
17873
22798
19179
16026
21431
18762
14908
12332
15444
22785
14531
12113
17875
15335
15689
19708
17865
10718
102896
19321
14879
10112
17690
18184
17945
16031
18055
53372
23031
18454
16316
18307
14165
20933
14317
20547
28442
14464
20318
100990
14575
15573
12557
18042
25436
17814
19258
17998
17448
18188
12596
18154
17769
21234
17906
22501
22187
21891
17735
18176
15861
16197
47810
13535
13275
15359
19973
17976
22477
11755
15587
17917
22613
17844
20796
13389
12647
16136
22802
14765
20542
17064
27926
14165
18088
15291
18296
20917
17919
17476
14352
15104
23170
22533
22857
15503
14973
49558
18528
15680
16399
23261
18369
18374
15004
14935
15551
22083
15690
22921
22506
14759
22708
15649
23182
14864
21383
17997
14893
18792
14995
22430
18749
20628
13909
21042
27670
14262
15120
16562
13221
12836
48779
20846
14171
14824
15830
20843
18456
22831
14959
17653
22160
17724
22874
17878
13642
13678
16123
17835
20070
15928
11828
13836
44459
17872
22713
17943
20955
17002
19698
22416
17932
14620
14756
22273
19200
19024
20967
17145
26673
20636
10056
22445
16728
15101
49650
22465
14320
17825
22623
14786
15956
14143
16084
19856
12554
22363
12918
16492
18873
15741
17776
18287
20501
18018
18536
19986
44882
24586
21206
48646
22348
15897
14588
19178
17909
22133
15463
17988
14546
12526
22023
21205
20459
14426
24922
18081
17442
55278
48955
13268
13241
126134
13757
12850
15884
17817
22881
17520
18177
15786
9656
15626
14649
22415
15163
18022
16043
17712
18410
17496
47137
20401
13736
24965
22046
18356
20000
24920
19226
15325
17753
18722
18141
17143
16251
15831
20766
17202
17148
20815
16987
42005
49001
14995
14876
14770
20611
12751
15469
12760
12436
18629
22692
15179
15209
18913
17538
15974
15353
15508
14087
12832
17874
15773
43654
19194
14861
12256
17415
17770
13363
101425
15748
14850
18985
23019
15540
14248
13352
15169
19994
20621
15964
14371
13628
16072
48900
15262
14781
14644
15247
16345
17846
22120
15351
18179
19589
16572
15067
20624
18453
22288
17747
15578
15272
16347
17698
14788
48827
18350
17066
23073
13920
18974
22730
11926
23524
13084
22498
18585
14058
25109
18280
17953
18168
18581
20594
16703
16907
12657
48892
16640
14378
15429
11525
15443
21152
17832
15623
15154
18004
21956
15482
14903
15103
15594
14800
15741
15604
18102
25257
15737
21917
42490
21996
19529
18651
20182
25439
16485
18356
18112
15662
14240
14876
48759
17911
19517
14187
16505
18181
15036
21203
17280
14214
11111
11258
17329
25156
17605
19781
18209
18514
18502
23082
14816
11861
13026
18048
17667
15628
22351
15659
23211
18461
22137
17627
22331
14776
15883
48966
14947
14855
17591
18362
16059
22554
15125
14902
17932
16178
22879
50431
14819
17260
18914
20267
47124
18817
17731
50209
16562
19718
18761
24387
15267
49025
16548
14007
13828
13411
17875
11239
15529
18231
48308
13658
14072
14856
15126
16416
18823
18052
25149
23770
21921
14754
17858
19702
18153
17877
15510
15156
15807
14747
18000
13577
13655
16621
15297
21444
16777
16946
15347
19512
14836
23268
17714
18169
16422
49358
14910
18330
16417
17807
17566
16707
15520
18542
24681
18213
15381
16482
15954
19320
31639
14927
17602
15335
16685
17985
16733
13219
13674
15858
20866
17628
14831
19589
14059
14661
18564
13138
13957
17260
48816
15760
18118
22472
17677
12228
13729
16215
18866
17579
14920
18508
15550
18813
18294
18405
22592
18050
18176
11010
15565
15243
14584
17712
16973
14627
19763
19379
17686
15008
14989
10941
48696
23076
15073
50080
18290
18034
18125
17021
15936
19456
20798
20766
21034
21626
22362
15059
22314
17619
18197
15098
14948
17846
17598
14163
17198
22479
19219
17962
11440
17549
17628
18922
14134
14345
15928
14841
15613
14901
13538
15101
49874
12367
16158
19257
16143
15234
17085
22778
12195
18695
14561
14370
17862
47856
20543
17294
21062
18268
26351
14891
18010
21275
12117
12867
15794
17641
18277
19250
17596
18036
14391
16066
14962
18016
17878
14364
17486
49924
16263
16491
23436
22246
23504
24272
17595
14881
17870
17737
49174
13444
20672
14051
14065
16038
12546
18216
17923
16529
21317
14575
16784
14236
18317
20496
49269
19415
14852
15552
15699
15010
18213
17824
24034
14709
47626
14857
14128
22717
22468
17586
15861
23200
13355
23052
18221
18459
18228
18042
15504
13957
14004
19046
22142
15151
15030
17887
14827
17594
22395
13984
20915
11225
20867
20478
17054
17367
14951
14199
17841
18844
19074
49682
12982
48937
16173
18689
17920
16621
19382
12120
14694
18265
18995
14923
16601
13854
13596
12669
18327
22561
17605
17996
15022
18228
16569
14826
15444
15453
19591
18659
18240
18528
15213
13522
17983
18720
20700
14519
41076
22693
16006
18061
18403
17582
20794
18202
17783
19327
14992
14259
14214
22359
14848
16060
15310
13741
50002
14657
14994
18097
21813
20049
22519
17530
14421
15227
16075
17635
22760
11089
14626
16877
15464
17321
22589
47355
17895
18040
17500
21139
17366
17227
17693
20308
14250
18736
15034
17554
20780
14837
13934
15412
12332
15882
18296
18649
17682
22451
15226
17841
192915
22008
22570
14304
13412
17604
15124
14074
22277
11249
14942
19493
48374
16140
15757
11118
48975
19746
13552
15097
22432
22435
15143
16834
20526
21414
14957
21941
12672
17642
18872
49275
16246
14167
18606
22649
15052
15406
20712
22703
15536
18048
14676
18344
19062
14495
19820
17219
20433
18177
47850
15170
18272
18750
21819
18106
194154
53285
19429
21136
19458
16519
15090
15337
16315
12909
18545
18771
20838
49544
14747
20438
13239
22163
15303
15807
22011
14773
19056
19875
16869
14801
20385
16708
15855
17648
23415
15101
40556
18678
17554
24963
27797
17877
13299
17968
21172
18771
15839
17554
17552
14429
18417
19007
55434
15949
17694
49768
20288
21908
13115
14910
49750
12167
17620
27884
19306
18099
16024
15318
14602
22194
66452
22542
18115
13936
48584
16330
15822
15068
15020
14462
18493
18025
14268
18015
19569
16574
22330
14418
15559
15458
95453
17764
23892
44761
14934
14896
17191
22176
22303
24688
14818
17211
17991
16127
16548
12376
14917
16999
14704
18016
17446
19975
48588
23081
14938
13555
14537
19662
14694
23688
18189
18034
15454
17907
10634
22702
22915
15257
19577
19141
22473
44942
17758
19413
17758
14969
13789
14983
14819
19470
18678
17478
15646
13587
14771
25129
15930
15992
22488
15073
49387
17649
17002
51272
21361
13234
14936
20885
22698
13644
15146
14294
17880
22693
17767
17717
22031
15213
25872
49931
14284
18810
13656
17552
14778
15210
84893
13476
17966
15588
13684
14072
12817
15106
13424
15086
23022
14531
15790
17982
17890
17600
21830
22661
18611
14334
20773
21320
14031
14411
22407
17785
13374
13110
48780
15832
15224
18470
15688
20981
17661
17734
17707
18902
19052
14718
17815
17875
22157
19574
18012
13743
19462
15640
29030
18454
18406
12947
13580
14402
16545
14511
18366
14778
15141
17357
18857
16727
27579
49959
21064
26893
15438
18923
13937
17712
16926
17856
14148
22533
12497
17544
14263
18374
19286
24800
14576
22460
15118
12990
18473
18027
15654
81481
22722
12493
17521
18121
16364
18188
17925
14113
22344
14494
48263
16157
21857
18506
17629
17736
17170
14107
16805
17042
16322
16342
17373
14325
17888
23022
20933
17799
13451
19219
17622
18015
17898
15375
16210
20334
19345
15061
16261
22372
22351
17530
17601
15723
15595
49764
170108
13054
17862
15766
18299
18167
13167
18354
15096
22376
18903
17420
18084
21086
18316
14590
14273
16285
16857
20760
22265
11299
18014
16392
27534
18513
17553
15096
17848
17615
11693
23459
22378
12621
48896
18295
15760
18229
18138
22517
17043
24446
14853
12767
16319
17647
18973
13731
15656
17747
16850
13160
22854
17875
16080
15838
19486
15468
14889
18928
18053
48218
15127
30765
17976
13673
22499
22993
19010
48977
16382
18111
47341
15202
19274
14876
22775
15986
14861
11489
18054
13803
17693
15285
20454
14705
13773
18227
18196
46967
13682
47817
16265
15031
20734
18390
16095
15695
14601
49433
15509
15591
20417
17256
50957
20030
20946
17161
17713
10749
14324
17797
19997
17557
22787
14500
15742
17899
23845
15344
17948
15800
17434
17775
16250
48168
17383
13212
14848
18555
17750
18342
18107
12919
13399
17796
15324
15324
17898
20421
18222
14698
18418
10815
49821
19709
48354
15378
10567
16063
23343
16762
27616
18338
19330
17945
18549
18087
18100
19050
22634
19303
18156
18901
19261
15267
31255
49320
14683
16144
15239
22513
14609
17045
13403
17501
17765
15760
17820
16174
18244
15098
17822
16523
17914
13946
14652
19095
48260
22344
17464
19746
19367
20587
15145
55337
16936
14319
18578
17610
17985
11719
13852
13519
17909
16123
14362
15482
18576
49918
25017
18004
11690
14058
49939
23036
14359
17655
16991
11013
15188
15961
11559
22747
23835
12710
19458
23686
17562
15012
48351
22531
14973
17843
13898
18348
11809
22613
17912
14908
12718
41285
20764
17920
14369
22331
12663
19743
15053
23128
13437
48038
14028
12422
15248
22410
15458
15033
23240
21299
17834
14783
13406
15492
22625
13576
57340
15969
13470
18060
36302
11924
49402
23617
13803
10756
17983
12570
13635
22481
15625
17952
14165
17247
14489
24361
19093
16442
14642
11279
17802
18488
13090
50155
15449
14595
15568
102858
19775
22795
17865
17697
17748
22437
18760
17761
19858
12367
17845
14650
22806
18025
15978
17868
49347
14769
15391
18986
18353
40251
14032
15199
12951
17323
16609
21360
20929
27514
20427
20549
21095
20048
19184
17468
17996
22454
47885
23040
15242
19269
17632
18219
12212
14418
16424
19290
18189
48309
18011
18747
17760
15748
16161
13684
12736
17809
18088
15785
48106
15198
12967
18279
17649
18050
16193
19372
18042
14989
18990
27461
39941
17012
17008
20704
19660
17871
19270
13765
18400
12127
48626
15443
18460
15069
15469
15136
15351
19600
22459
18092
14889
15014
15489
13240
14800
14886
20509
17796
16656
15906
17480
19099
48709
22819
17596
15600
18710
22445
15473
10697
14570
22968
18292
21618
19147
18836
14180
20546
84507
20676
28353
18027
17820
15790
49861
49115
16467
17503
14265
23150
60775
19264
11206
14867
18652
19486
11316
17980
21574
12078
18231
24507
17709
14920
22973
22337
49672
17654
14988
14953
19440
20992
18467
13704
17126
19162
14327
17494
14996
11794
15732
17331
20239
17382
17154
11303
17283
23269
48588
18066
18028
17623
15687
22730
18454
15425
18384
18213
22490
17886
22381
17756
19546
14996
18522
12308
22639
48851
15709
15908
49157
17324
14436
15277
19652
15321
17834
12691
12804
18772
12708
19634
17715
18082
22306
20779
17046
20520
20347
17763
14104
23534
49052
18752
13197
19428
18777
17300
21837
17029
14796
24934
22816
14488
15413
16573
15516
13784
15977
19069
19606
14623
16736
22234
49641
41874
15220
18147
15000
16381
19115
18713
13500
14894
17676
17508
17323
14825
17635
17299
14073
19090
48363
9805
14696
14565
49429
18382
17840
13555
17498
14774
25394
22483
17990
20673
18437
16133
12339
18725
15154
201288
18044
14986
22484
18668
13230
14871
22498
17624
22572
18109
17562
16194
17364
15945
19232
14262
14976
18003
16053
20650
47926
23450
20790
22869
27576
16838
17570
17644
12425
16462
15417
22818
19782
18016
17568
13994
17762
18106
18118
18625
12204
18085
15315
24856
18450
15963
25244
14620
14182
17635
13534
16961
17534
15393
28132
22448
49595
18288
13061
12381
19171
22459
14151
18469
18659
27437
48818
20977
20462
10446
17721
16854
18439
22647
17912
17632
18732
17773
14923
17694
19741
16083
19941
15640
21886
18430
14250
13030
15171
14511
19491
15335
46222
14590
23505
20351
13615
22368
22549
17094
13163
15299
22932
19751
17567
18814
18361
18152
12875
17467
12679
21141
16848
18272
16078
13107
18133
14543
16261
18099
18792
19781
18205
18296
15172
18128
48349
12849
47470
17721
12616
13530
20209
22906
23359
17896
14913
16024
22386
14789
18314
15632
19085
22566
17614
15470
14736
15154
22730
51159
22730
13927
21112
27509
21355
19279
13567
13585
13790
14008
18003
16217
23146
17944
48817
19270
13361
23206
11757
18138
19006
18200
22397
22644
18818
18097
18584
16933
15977
13003
14059
13726
17876
15308
49431
22535
24036
15202
22562
17899
15637
17603
17456
15137
21400
14687
20508
21267
20726
21254
48848
22074
16130
22419
12397
11616
14057
18194
16009
18330
14284
14887
14976
15639
22175
18595
15624
17546
18559
22205
19038
19773
12728
18594
22994
17554
22669
22051
18084
17818
13835
12520
17966
17875
13094
14832
49209
18729
18691
12778
20737
17123
20447
17347
17612
20909
14979
17785
18130
22678
17493
17500
18139
35751
23109
15078
19237
17878
22962
18411
18325
15531
16374
14870
13730
13176
50501
27343
22028
19153
13191
22476
14818
13844
14142
18938
12974
22644
17565
23369
19288
18662
16247
13725
17716
13872
22695
13352
28462
18398
15959
16341
14802
15698
13178
18845
49366
14727
20627
19504
16651
22917
13311
19072
23295
19226
18138
17748
15184
18170
18042
22740
14970
14923
17542
15780
16056
14270
15932
22919
18880
14678
14719
62890
17917
20777
48957
20995
27509
18091
22360
19087
18101
18002
16610
12795
19584
22413
16967
17129
13375
15341
22805
14785
14665
11495
19601
21853
16361
15609
19905
14608
15547
18203
18034
16205
48554
13660
14684
15461
17799
18113
16831
21047
27575
29362
17994
21224
15063
15933
19638
17922
14446
22368
22174
15810
14947
15432
14845
22995
18130
39279
17868
17276
18490
18167
48424
14736
18292
23216
18698
15566
17516
23732
16765
13831
17662
22086
14668
16881
20654
16770
15862
18495
19589
13629
18896
14864
18798
18014
22426
16532
18095
19151
13239
23022
48821
40464
17917
17917
13255
16003
17836
16406
18220
12874
14259
18627
20978
14784
13567
19443
28100
16268
15102
18375
15610
20610
22210
21521
18257
15843
18020
20337
18117
11268
15709
16166
14952
15028
45406
15478
17823
12820
11662
40185
17989
15561
19181
20951
15953
14121
16531
18228
15919
16086
17755
22596
15587
23673
14193
17706
17928
19004
12063
20823
21277
17470
19438
19368
17681
17457
18736
13636
47747
16141
15884
19681
16010
17748
14788
17661
18685
13855
15699
10440
14836
13858
23167
13995
15395
9455
16968
198480
18356
17788
14699
13806
13654
19004
14544
13628
18003
14068
13920
20437
20814
17878
49172
18200
14819
19042
15917
14287
12125
15807
13079
19028
17978
19638
18114
15226
18176
15055
19063
14968
12883
17955
18667
19194
17975
15279
15357
18366
17580
20059
18352
11162
23144
15955
14978
17263
49415
17711
20896
11739
17376
26700
18191
14802
16335
15012
16030
18277
18430
18797
17305
22582
17786
12978
12967
16711
14036
15339
15667
20471
15427
23058
16941
19003
23249
15153
18174
15802
17432
17685
48578
14155
17610
17823
13238
15419
20883
20560
20638
22685
18618
18639
17789
17761
13992
18869
18647
16696
22453
11188
17741
18122
18127
18053
19103
20349
17911
14795
18993
17712
17760
15620
17148
11828
50621
19425
15506
18593
41301
22141
18972
16126
17932
11791
17234
16107
12903
17108
20756
16478
14964
18078
18580
22693
12364
19257
14685
22453
13567
21778
19243
18319
18561
15964
17382
17774
14486
18039
48158
20797
15685
15467
34081
15853
22715
18485
13784
18925
15482
17631
18285
118234
13285
18268
14362
20574
23602
27852
27357
17225
28194
17858
16131
15053
15250
17127
13968
22618
19934
18062
18250
18259
19864
15216
18132
18414
12841
18847
13766
18311
18385
17218
17870
110738
17697
16698
18738
18016
15444
19379
50981
16370
12394
18379
18740
16004
20782
20949
20361
21129
15133
18625
19545
15366
48085
15334
16728
19467
50654
12758
18090
16978
15817
14762
16197
17462
15076
16518
18473
17834
22842
17049
15954
17650
17779
14910
49339
98339
14954
17066
19003
14719
15149
21494
19039
19311
18157
14586
18236
37930
14537
20286
18322
24647
48330
17942
30133
17853
15467
20806
13836
16218
14753
22573
13306
16235
18025
22789
15430
13028
10942
17685
49992
15831
15829
14719
25138
15357
19398
13589
17999
15113
23310
14988
15095
18187
23193
15558
15751
15175
48505
21245
15036
23596
16461
12798
14828
17382
18307
23301
18048
22051
17958
14163
15446
50227
19354
12476
49238
17377
19464
15466
18986
11196
20877
18970
18167
17736
22723
14941
15307
13004
22532
13175
12875
15819
48525
24488
17693
115072
16952
17573
14181
24433
21941
19289
17989
19878
19192
13118
18010
31457
15810
15556
49049
14545
18115
16017
17996
15056
15373
22869
13523
13271
18032
22399
13571
18080
22209
18006
16936
14544
47790
22089
14657
18079
18376
17671
18356
17975
15291
15584
17591
14974
17121
18078
21393
16535
15940
15846
49716
12477
12009
22569
15115
18995
18298
13150
23201
19871
16686
16129
18151
12892
14675
19151
18185
15517
15252
44007
90225
15387
14846
17553
22171
14619
15927
18360
12629
14391
17801
18062
15342
15126
16329
16108
16695
20789
51863
15638
21774
17319
20865
14750
15865
16038
14149
14850
16192
17895
17820
17913
18378
19060
16123
17993
15165
48729
17748
18806
17700
18141
14157
13027
72656
18106
16956
23540
18259
17892
14998
11807
19038
24701
15936
22182
45159
12845
13457
14325
16728
17356
17315
19066
17785
17577
15449
13318
23459
13031
18095
15473
14473
13950
17849
51891
22530
16010
17935
18739
10954
16020
13896
20539
15813
17907
17894
22509
15959
17189
19464
19670
17517
92122
49630
15480
15325
83365
12497
18241
22740
17931
27404
21147
18314
15961
17807
12540
12118
22299
14097
17631
18057
49099
16150
16526
19692
12729
14887
17753
15086
25201
12157
14315
22026
76569
18819
13766
17875
16179
13503
19291
44187
14427
15127
14663
17845
24957
18087
17748
17846
17935
23083
12787
19527
27882
13947
17904
17693
20673
15242
48907
19259
22330
17917
17666
22583
16213
15979
15009
15680
17461
14533
14346
11802
13460
18219
19970
23104
22496
49773
20597
17743
15299
18609
15107
17149
17320
16667
22402
18087
22759
15665
17546
15373
18667
16867
16827
20653
46584
20373
20744
14187
14882
18032
18668
12838
19520
22054
22238
15079
18248
16182
18734
17759
21095
16136
18208
50148
18611
21662
12827
14671
17683
19283
17639
18483
14027
16556
18129
18153
18077
19431
22587
14797
19766
22310
15822
18587
18239
13486
102715
18113
20326
16900
14867
25286
15194
19733
14910
15120
17989
14883
14018
12639
16274
14978
19257
16042
15649
13475
22083
77979
12319
91923
18082
17750
12727
15378
19582
18152
15153
15089
19165
18032
14868
22174
15390
15195
15812
16170
13515
16730
20674
20538
20835
16487
50251
22557
15459
14826
24623
15852
15628
22890
15847
15115
22571
18238
19484
22542
15459
22736
17077
19535
22362
15027
18625
26161
22639
48343
13051
17666
28113
15618
13042
14160
18077
24250
15238
22528
18230
17736
18039
18177
20740
20285
17364
17643
14928
25767
23439
15885
48611
14041
19222
23102
15871
18864
24921
12651
22657
17982
14834
14006
15804
15975
12604
16397
14239
20689
18267
22591
19236
15437
17405
48891
15239
15880
14092
22411
18643
13204
10502
18857
12684
17898
19102
18270
20967
14816
20394
19286
13624
18195
22600
17993
22958
18928
49646
18280
18004
16016
17743
17696
18268
17845
12770
18179
14797
14040
13721
19306
16527
19904
18975
17389
20231
15415
17746
14160
15616
47973
22299
14253
9880
18144
16315
25326
18033
17542
20398
16942
21373
68045
17212
18114
18683
15048
15036
14847
18635
48688
20303
18036
50069
14974
18584
20389
12686
20946
22348
18177
68051
19562
17983
15404
18175
17619
14987
23305
17954
22550
17645
49172
49689
15289
14687
49933
17837
15140
11737
18101
15049
16558
20848
27942
26589
13101
18573
15014
14784
22586
14822
22582
17683
17832
13770
14727
13499
22879
20709
15962
15441
14879
44459
12656
22377
16370
17852
16274
19196
14859
22897
18743
17932
18024
17889
22411
15071
17813
14805
22622
48931
15284
17830
14766
12783
14201
16439
48968
21200
49685
15894
15454
16185
18113
13016
15212
18344
15340
18427
16582
13326
15743
17378
13897
15123
16681
17695
21404
18087
22403
18194
14642
14505
15046
18053
13492
48477
18936
17851
14723
16692
22865
14777
24004
17992
22254
15465
18144
49948
14185
22411
13867
22446
13751
15007
16132
13889
19765
50437
15167
24777
15507
17687
48713
18113
17961
13351
18187
14318
21834
19594
17767
18665
18345
19605
18613
11844
19406
15612
11566
19203
12804
11146
19095
18137
15268
16807
15867
20539
17074
46315
11916
17192
15259
15128
22888
17765
15910
15115
15990
16808
14083
18043
18384
19242
13604
22928
22437
18489
15216
17284
15892
58692
18447
22284
15350
19276
49505
14754
15828
13425
14926
17984
13093
16225
17687
14637
22393
17683
15950
14545
15288
27904
48664
21235
18203
17066
14471
18014
17712
18262
24959
16123
15106
49253
22521
16466
38085
23436
9799
18963
18399
15297
21931
21302
14103
17983
17708
21684
18463
18117
15254
17114
14670
17873
17705
19135
18008
15581
17740
15777
49741
15945
15203
12825
20857
14934
15642
14891
20457
16905
18212
17989
19352
22345
16738
19909
16147
17040
18341
12256
24758
16516
16235
15009
17433
17968
18624
47973
17970
22542
16014
18780
18095
20655
14597
15279
15143
15717
22294
15911
18840
18565
18588
14020
18123
18454
14892
14391
16953
16792
15105
18201
17211
13141
22786
17907
18193
18399
15331
11848
18867
15536
15833
19399
47994
17580
15314
17848
15349
15491
18184
15350
22566
15848
23438
14914
15366
15708
18186
17601
14875
18052
17969
12238
52135
12414
14313
17896
9714
22508
9799
14978
22536
17940
18814
18974
17370
18801
20634
19329
17917
46163
15392
22513
22915
17589
22517
15100
14647
16447
14918
18809
23036
14176
18856
17979
10334
14253
15370
16137
15107
22376
17451
12883
18374
13751
22478
17102
17981
17704
15073
14894
14655
49003
64515
15474
12970
13567
49547
17292
14942
18375
18380
22798
15887
16807
13572
13607
23644
27157
18052
15988
18171
14988
50271
20670
23295
17835
14318
15455
23676
16057
23089
16815
17885
22456
12487
15989
22536
18460
15182
15965
13875
17514
24692
49105
15705
48966
13690
17786
16035
16866
16547
14206
23015
18232
15083
28038
27797
16955
26925
26614
19219
18561
15379
17035
18424
17439
14897
18197
18250
17817
21089
15835
13507
19492
14925
17553
19573
14837
18103
23034
61546
22685
14062
18072
17651
15205
17528
22564
18037
15901
19393
17519
14803
12709
24943
15990
19391
19845
19542
15494
14508
9949
18273
18296
15055
14675
16677
17757
12284
17705
14938
15567
15174
17773
22420
15928
18907
49017
18333
23186
17428
22605
15212
13974
15663
17618
18841
14739
15355
22533
15568
15475
47904
19317
17314
16414
15255
14971
14930
87399
15327
18260
16880
17734
23207
19254
17840
12612
15113
19156
16183
14157
68871
11885
49529
16843
17070
17515
17330
15106
16001
13948
14635
15432
14638
18038
19420
18195
11760
22706
23198
17845
15260
17666
18864
15129
22314
17795
18279
14934
18058
19831
18465
50900
15706
18091
18981
16368
14811
31286
17806
12455
22984
14903
15150
18252
18322
22529
15420
22080
15630
21041
20430
27280
19181
14699
18361
22265
17246
23032
16327
22525
48110
17738
22856
18784
15736
18467
22638
15073
17581
17029
22095
15169
14086
14371
17702
23417
18121
18705
15282
22678
13268
19827
18016
16023
13732
13569
19644
18256
15128
48190
17967
15494
15726
19929
19515
17160
15404
16585
21017
17019
18765
21100
15754
17635
18323
15773
16411
17762
22861
15574
15897
15456
15600
15464
22530
12794
15999
19493
48446
22355
15393
13865
18422
24626
18483
16254
15320
13386
14498
15112
19452
15204
17890
19067
18459
19272
17909
22771
16199
17955
19513
17739
18183
49047
16209
27869
16759
47099
14938
20032
15800
13589
22968
20211
22637
14150
12172
15073
16756
14818
22520
13231
19046
14879
18729
14289
11977
16873
19796
16078
15077
20962
17899
18850
13135
49830
48330
22428
19466
22343
15680
21473
30564
22522
21061
13911
14593
24747
17974
15405
13781
17311
17142
16591
16360
20654
19023
14944
16011
15375
14543
21131
14549
18125
22658
22292
13542
16493
15562
22508
14830
17769
40384
18063
17556
23081
12185
14783
17139
14825
15113
21003
18764
19292
17666
24911
18117
22249
12567
23595
15987
14891
11615
19487
18883
19653
27651
16735
22978
28548
20576
21047
19434
14618
22487
18417
15897
48553
18252
24401
15592
14192
16005
18343
48050
22277
17578
22501
17204
16323
14024
17864
18411
17568
13230
15735
14756
17805
14332
41027
21922
18290
13304
18636
23691
18254
15123
18394
14914
15312
19573
16681
11570
49689
12726
20118
14466
13969
14114
16000
11696
18981
22784
22311
17942
18405
18053
18169
19965
19143
13564
19423
15268
22620
19481
18161
22953
15996
22298
19647
15616
22558
23362
15322
19340
12184
18652
22240
15841
47406
15028
14514
12195
15263
23815
17134
17739
17523
27858
12850
17260
27517
27801
16326
15960
15311
23881
17994
18429
19393
22209
12502
16258
17929
12542
16038
15031
18270
19499
16557
16993
18244
14859
19076
13988
45387
26711
16430
18230
14399
18331
41562
18225
19512
30500
14957
15944
13105
17917
15080
18078
22781
16630
16498
16528
20936
20672
15237
21802
16044
13786
22192
12435
13637
22826
17412
24377
17720
20353
13037
22822
48198
21870
18058
22402
22518
17840
18585
20873
16167
17822
23242
16550
15795
18453
13672
17197
19589
12579
12655
15523
14242
20142
17979
15212
14831
18163
23342
19512
20570
16766
20616
17246
17420
80942
17109
22786
49689
14353
14128
11766
27271
17949
15722
19541
19178
15082
18477
18339
12726
17811
17442
22332
13421
18861
19227
22870
12700
48371
25834
17956
15222
23020
15117
22801
17734
22726
19311
14888
19267
22876
15117
15755
14262
21209
12415
17652
16924
17843
48644
17235
15124
18349
12388
13739
16946
18533
19278
18100
14978
26706
17702
18096
15430
13721
56943
16306
13301
17835
15745
49053
15397
12346
22513
22467
14581
13326
22278
18002
18333
13261
21935
14913
15640
13541
17983
15670
15793
12825
22597
18417
48941
16929
17016
20962
18327
17249
22225
23387
15523
12600
13144
25093
15602
15315
12577
25336
18069
15548
19541
18319
15121
50163
23376
14856
24170
15035
15489
48904
16837
12656
47970
19596
18662
14937
15009
17906
20626
22823
15068
17817
18646
14840
50010
18258
13196
12483
20952
20819
16441
22880
13776
22433
23159
14872
13599
15024
15024
12677
10327
13173
18006
15785
16940
48069
15693
17853
10985
22408
18317
15064
12400
19467
13260
15101
21182
22237
18215
18089
19053
17947
22702
11550
18196
48107
48200
17574
18092
18135
16879
22511
17435
15693
19211
20478
20500
14118
20802
14509
16406
15195
19057
12670
52941
16756
18961
48389
15441
18365
22914
14765
18330
17990
19461
15217
17971
14977
20000
15264
19980
16102
20954
15935
12668
17993
19039
22390
48218
17684
17828
49422
15379
17229
31437
17633
14526
18130
17164
21683
20491
14627
18127
18385
17383
13025
15651
19368
23431
50343
16070
12837
22642
17742
22457
18323
15424
67147
14929
17360
14535
13680
14967
10653
14967
22475
18253
18395
19676
22676
14893
19356
17448
49152
18123
23347
15380
15979
13086
19777
20155
17568
17619
20814
15022
22086
20593
18109
11969
48561
22394
16001
16613
20984
18393
15239
13530
49501
23399
14975
14235
14456
14850
15041
20998
18024
18077
18047
17866
19602
11612
18957
14637
14955
18906
17087
15114
14803
19378
12240
21778
49402
15148
22692
15174
18247
15452
15120
18310
81552
16781
22480
16849
18182
17992
48280
15234
23030
19438
17923
15622
14976
18127
24969
22713
49575
22064
18194
16236
17656
19098
13265
31965
101503
15580
17923
17895
18179
18672
19444
14976
17755
24716
14836
12186
16175
15801
11009
17515
49072
20480
15033
17779
17937
16830
21117
21462
20487
15373
17921
16108
22522
17649
15262
14726
17902
22350
24381
18212
18398
14983
13557
18039
49986
12911
18317
15958
15816
14744
19959
20336
22726
14158
17636
23654
17790
18237
17916
17038
15429
19573
18091
12686
14278
17860
15177
19102
47772
70743
16569
11966
28120
13973
24968
17922
17821
15668
17945
15235
22725
18530
23225
14209
18042
17554
19526
16052
14876
16189
17707
15999
50973
15033
18343
22565
22854
13915
18687
18225
15507
18872
12596
12824
18629
17863
23279
22389
22436
23242
15012
15969
28134
14207
17214
12008
48727
13952
16775
15013
13398
12174
15589
19344
15610
49863
12002
50266
17909
14150
18268
13794
17666
18074
15036
22999
18442
13753
15775
15059
48586
22992
14359
17820
14265
18408
27452
22724
16974
12679
17842
18113
15081
15292
14896
12207
17404
49321
19674
20240
18512
17601
115490
15320
14907
18322
16357
14930
22246
12545
19619
22858
17844
16108
48034
17796
19176
19281
18289
22600
17686
18302
12637
18734
16480
16441
18456
15518
15194
49459
18210
43207
18968
23311
14938
13582
14867
16032
15850
17900
18916
18156
15025
21100
21411
20581
20549
20544
48867
20842
22484
11766
18214
129317
12265
17791
15176
13375
17789
18164
13028
18571
20861
18044
19753
48016
17823
16095
18317
18676
16262
17970
11988
13448
13458
22667
22935
20272
15712
22946
12015
49385
49411
12445
17773
13300
24259
17893
16363
19387
17542
44376
20505
17992
18656
13522
18280
18174
18334
49687
22613
16120
18746
18005
17834
18317
20077
17498
15689
14335
13127
19196
15477
18143
14803
14488
47641
12698
17382
14620
15304
23292
15022
40797
12336
22984
12646
18021
13381
17998
17495
17691
13562
48681
21420
20532
17135
16769
16112
17970
50464
14344
13821
14977
16698
14056
15615
12638
15414
24824
49288
17814
17988
14565
12189
15597
15527
13055
13567
17309
13059
18626
15324
15704
15282
19797
21999
49542
13814
18230
17661
17729
48740
18034
12417
19765
18724
23850
15611
11958
27456
14876
21070
21916
48202
15240
18250
18016
17790
17321
15694
22472
18180
15343
13269
17818
23078
17792
14824
15717
22931
48216
18818
15008
19086
18528
12251
14321
17132
18061
17663
18281
13968
19132
20831
19514
18608
15756
14908
41073
10713
19285
14967
22945
20022
17670
20839
16844
12464
49123
19462
22660
12588
22793
22725
53459
18242
22973
21962
15751
16170
15721
19358
18775
18098
19330
22394
17798
16355
20809
18643
16238
15039
49221
16923
18409
66975
48297
12368
14108
16957
12435
15262
19494
16448
14159
13451
17437
13547
27159
17270
12429
48475
15531
22209
13969
22488
13952
18350
18022
11936
17632
15173
13231
17379
47358
10400
15320
15524
12278
15968
17963
16048
17917
12655
16150
14427
17711
19166
13380
18148
16049
15051
10971
15750
17949
12326
14890
12793
20613
19631
19199
18430
50671
26617
17843
14873
14322
23087
14391
25845
16155
15060
17773
16259
18023
22787
18165
19680
16173
13560
17871
12585
18147
14199
15502
16248
13328
18044
18030
12241
41516
19799
16551
14799
17441
16183
14690
51095
13907
20984
27782
17786
11770
12839
19265
12411
15756
14470
18803
18183
22324
17865
19006
12790
17942
22300
15838
22959
48568
12543
66972
19482
49039
14658
18181
14573
48738
18764
19725
22417
14965
18521
19331
13417
14283
27218
21069
21008
17730
20860
22774
14773
15056
21192
13791
18334
49536
17748
14825
19084
53130
15499
18138
20053
18326
17422
12806
15102
15767
14643
35452
13288
17743
14034
22478
13492
15329
17982
17835
18142
16179
17969
18233
18272
48398
19599
17916
20778
17238
16742
14576
40851
23100
19483
22399
14738
13593
16959
22613
22584
12495
15668
18347
19057
21055
15511
19779
18563
17827
16516
12337
14466
50580
17923
15636
15291
15415
14618
11719
15775
19594
17949
16260
19137
49621
22699
20782
16755
21467
16417
18844
22621
17646
17959
22642
22243
42742
95937
18090
17745
15606
18493
15358
11488
15535
160107
17947
22331
14473
15724
16219
22725
13437
22576
16338
27229
15860
23114
19823
16101
47001
48512
25108
23120
15250
13437
14951
20859
28487
27705
16904
20969
14152
22051
15169
15503
18055
17937
20899
18050
14655
15416
14049
24598
49372
22522
25134
14362
17779
17710
22500
15888
22562
16022
14386
18237
17922
15518
18001
15891
22500
15821
18052
14639
18324
15101
13178
17433
48997
20959
26857
17655
20255
60959
12417
15619
21529
23232
14533
26906
12662
18724
15436
19195
17786
16947
18974
17610
18979
22586
16530
22989
49451
20360
17560
15382
18011
17936
18880
15442
15563
22372
15696
13653
18052
17792
17885
17508
17592
16853
15850
20885
17277
17127
18437
18006
48695
17653
10141
19204
23093
14589
15118
14383
17725
20582
19765
17019
14623
15107
19430
16298
18008
22458
22260
22045
15158
12390
17459
18017
49675
22208
15703
17788
16759
18015
20873
11953
15816
19389
14236
27880
20164
21254
17921
20770
18096
17369
13122
22354
13630
17875
14401
15295
48599
17975
14604
19205
13127
18408
15102
15335
19428
14332
100155
12292
18615
18892
13479
12473
18321
18177
16629
12378
17863
15183
17851
15796
16841
16127
15782
14223
16894
21057
12337
16817
26996
17347
18251
11851
49591
14106
14995
22558
17903
19064
13677
17626
17432
19032
11969
14944
13751
16022
23826
18051
14069
22524
14079
12001
18378
18570
18116
17917
16014
15903
17650
11894
15139
18219
18588
50284
22823
20833
17201
12504
49253
15977
22776
18165
14694
17830
19599
19407
15310
18697
18854
18507
19313
14488
16295
17928
13168
12635
14761
20173
19256
105634
18234
22369
104591
19020
15432
14410
19576
19233
14179
15867
20478
18242
15564
11612
48512
17850
22582
18139
13082
27257
14625
18112
14947
17599
15194
15135
19205
15343
18090
18035
17917
12892
19018
19067
20714
21716
15869
15822
22264
14997
15844
14221
17712
20103
15909
18580
15850
17438
16002
15162
48319
17802
16526
18309
16423
17555
19297
15796
17818
16554
27346
20362
73253
13343
17960
17868
19800
22400
14329
13437
14108
20561
14443
11329
16779
18142
17792
17208
17838
22339
18333
12091
16776
20601
22868
12746
49323
18501
17605
18338
18060
18424
17016
19990
18979
17851
11101
15159
15847
20625
18073
18219
16750
20800
17478
17833
17922
17922
20931
18056
15822
19188
15933
22314
19119
17972
13488
16663
19505
19388
14892
16817
47584
14941
18506
17876
14402
15266
17786
19092
18984
19764
18706
50084
14833
18006
18100
14375
22748
20816
18071
12456
27556
27653
16669
16526
14983
15006
17928
15557
16843
17997
18489
22102
14980
22726
19497
14898
48459
18588
19553
18156
14872
13568
13164
22907
19308
15269
19038
17510
15254
15113
13873
15036
18410
17161
15091
23164
16197
15601
13644
12805
18766
15666
49882
14732
21142
16994
20859
13477
16217
18209
17375
22812
46744
17018
22095
22652
14203
17728
16706
22494
17181
25540
17980
11941
19112
24537
12359
14494
19232
22231
17398
22120
12146
17867
18226
15486
14361
15688
17635
14873
14019
17809
12730
18146
21051
27888
17819
13329
50357
14988
27160
17524
17857
18156
13939
16086
23230
23058
19011
13453
12082
22636
17943
12406
18781
18363
21392
60831
18282
17886
18441
19768
23222
22459
19077
19159
15433
22523
17801
17476
16731
16811
18280
18139
46961
20539
11666
15288
16740
20802
15044
26731
17867
22328
19154
18034
23554
16275
12399
18016
18459
17738
16260
17049
10364
21295
19813
19396
16465
11819
13272
17637
15352
15497
19292
14376
23987
13148
17880
13408
49487
17435
19298
15869
18039
17539
18228
14795
14570
20935
20888
18308
27573
14028
16811
17881
17853
15086
17879
24004
12637
12568
16289
18991
30456
19653
19608
19441
18040
13653
22341
18616
20073
15796
17477
23183
49393
15130
51819
15232
24893
43570
22309
85644
19089
23145
19875
22626
15014
14934
15973
50743
17649
20817
20343
27346
13700
16355
12746
15491
14892
19240
22468
17904
16289
15487
19028
18963
14030
19826
30395
17948
50611
15701
18478
18194
17423
17009
18361
23115
17584
16209
18462
16378
19192
15223
13083
18378
13235
15226
22666
17974
19376
18011
18653
49569
14558
13417
17845
46692
19805
17798
22325
22538
18050
13347
15615
15884
42701
13235
22422
22442
15353
25437
14699
23071
15484
18792
17965
76115
17735
16011
15407
13398
22970
14667
49001
15091
17961
22875
13819
18074
18275
18205
21025
13080
15703
19542
20583
16489
14261
19643
22941
22427
18969
10529
19006
18843
13046
12996
20022
15714
19053
49139
22484
12273
18284
14369
18043
21812
22341
9573
18495
22427
14893
15714
14733
13809
15150
18877
15126
18041
17942
22553
12798
15196
15409
14773
12765
28179
49689
48385
14617
49439
17187
15219
23350
14824
17659
14840
17458
17672
19342
15845
19461
14174
15746
18331
13007
19379
19482
18840
23596
15213
16849
17819
17930
49148
15590
22353
22379
17027
16126
19137
13625
19131
17064
18937
22539
18575
24189
15128
11380
15963
17976
12552
18064
31080
18095
22041
19619
18958
13651
14876
49417
12860
13159
18452
19802
25197
14865
17917
22355
22890
15844
18863
16218
14914
15582
18058
20853
18248
11781
12548
19165
15212
12476
18128
18466
17823
19001
47296
21043
23271
19990
25315
17548
17991
17262
16344
20720
16644
17958
23499
14113
15191
15062
16797
13325
18947
17435
13432
12848
20857
23387
17990
28016
23034
61532
18059
17202
16594
14161
14866
49571
19128
17842
18118
17834
22176
17664
13700
15801
15584
19804
22171
17984
19722
17055
16745
20359
13027
18133
16413
19663
23572
15953
22649
16010
23992
12229
15583
14714
14567
22439
49345
93325
22739
16343
24551
15746
15217
15636
12381
18110
15013
13259
15390
17915
16404
15376
15463
16257
18545
19383
18948
15929
15160
16229
14890
17513
66103
42288
27915
20944
11959
19146
22528
14613
22975
12875
18210
49808
15192
14077
19511
17897
17462
17833
14472
14835
22690
14938
14527
15559
14684
18083
16085
16979
18199
13785
22239
15201
14748
12725
14915
15641
15236
14819
19383
20879
15260
18677
25351
18030
20808
14568
15966
22788
49503
18420
14328
14426
19341
18699
22369
13240
18090
15889
16062
13793
13576
19128
18719
22093
12965
22911
17953
14465
15336
18037
18128
16091
18109
12668
15262
19004
15829
12972
22323
17862
17437
30039
23261
18918
15630
49115
16380
20679
20702
19062
19038
18676
20631
17666
19548
18432
16303
22775
22730
12928
22780
19019
15353
18401
21009
16463
12394
12449
15097
17819
57613
18266
18105
20661
18130
16448
15346
15936
19539
17547
19522
49611
49622
18946
14729
15175
15170
16361
16567
28217
28757
17331
238423
14702
12676
14827
19194
22398
15817
16270
19787
22713
16964
18880
17727
17832
14062
14279
16145
18033
23280
19742
20009
22463
18511
17977
19132
22395
18691
49455
17570
29951
18115
14781
14399
15008
23185
16006
23007
12005
12858
24709
20528
17044
18087
26451
20542
18281
19144
13997
31024
17980
14924
18451
15688
23050
15943
15049
19255
22943
18790
15935
16159
12870
19950
14825
49530
17944
15546
18126
14831
16532
18780
15667
16885
15223
19153
15206
18524
12316
15206
15850
11937
49258
21001
27746
20681
16905
22953
16801
23346
13617
18065
47907
18148
20539
14133
14917
48523
12920
16358
20709
15146
17975
14198
22981
14088
11909
105368
19441
17562
14594
11811
13486
16731
22033
11197
13081
15637
17440
49027
17786
15563
18559
17725
17991
18250
16051
21129
18223
21199
20025
27465
18552
17762
18320
18101
19444
9466
21015
18120
14484
21813
18145
13658
15413
24868
49264
18440
13494
14192
30904
13660
14593
18248
22774
17948
48921
15455
16010
49023
23225
18052
17627
25933
15971
16021
15095
14081
18224
19110
12860
14831
23313
49265
20667
13107
27625
17293
15353
21782
12911
12876
13437
10187
14638
12733
15065
20650
24390
19500
13410
14827
16096
76774
14689
11420
17151
19497
18018
15850
48849
17883
14102
15020
17640
14892
15517
18163
17656
14474
22158
23070
17178
17716
18342
16696
15958
22745
23044
21120
17063
18441
18280
17583
17883
18060
13849
49575
14708
22626
18653
63368
17842
19326
13346
18039
18693
14448
15088
19686
17496
12608
25100
16166
15498
18630
16694
17793
17794
17931
22453
17672
15140
11629
48358
22190
25060
15483
18572
16518
15377
14584
22367
19777
20376
16934
12998
20680
15183
11169
22625
13740
22183
17904
18214
16298
17541
23053
17459
14755
19360
21978
19597
12566
15043
47154
22382
15189
13429
25873
22696
12446
15977
18826
16679
14786
19506
18170
18977
18156
19192
17618
20933
49443
17821
17771
12933
16628
21275
28750
27158
18162
17796
18109
16557
102545
49068
17926
17582
16439
15158
30809
18957
19139
14055
11235
15364
17798
12879
18183
17150
14394
14491
17532
16928
22458
49088
18316
17257
14526
17700
22428
13606
56538
12835
15133
16069
47948
12116
15792
19316
20628
22675
21045
16434
22193
13971
12932
17761
77104
19204
24873
18036
24975
17440
48432
15873
19318
15312
13671
22843
19627
12173
14213
20226
16181
14932
14949
49538
10426
15655
17467
17935
16408
18500
15772
14439
23843
17803
13248
16077
15455
15298
9533
18766
17933
14666
17133
27608
19157
27181
15620
16531
18344
18451
19356
43668
14787
16047
49610
17986
13982
14889
16152
22059
23015
15123
21847
15486
14415
15308
14789
22914
15548
20986
18540
24136
19086
14256
16831
30930
22728
20135
17910
15061
20549
13805
17474
22612
17553
49531
17197
27216
14755
20227
22248
22597
14359
19147
17698
15133
13320
19337
11731
17449
18285
18108
13568
15961
13364
18096
23026
20228
14505
15183
15350
15132
19110
12760
15276
19315
46481
15216
19407
19044
14957
18212
12372
16612
18187
17973
15207
14146
20827
15156
20814
16861
16916
15353
19386
14900
14681
15739
19856
17468
23053
13359
16516
17954
15060
14559
22023
48593
20781
16231
13292
19279
12472
19272
22822
11342
13593
16555
18873
17156
48955
23148
15404
22840
14880
18018
17787
12320
18135
18898
22196
17375
14310
14188
20979
50130
16730
15137
21235
17337
50758
18747
22103
18608
15070
19513
36030
19062
13539
17984
18716
15110
17947
23126
17984
15432
9719
19629
19945
20676
19885
17547
15740
49939
13858
18800
18618
15120
17489
22354
25564
18028
16243
20381
16452
14215
22333
17213
16478
22942
24477
15292
15037
10818
13237
15190
16356
15039
12351
16065
17911
48825
15221
19418
15068
15416
17955
16839
13493
18118
17851
14340
15046
23028
15548
15170
17979
16146
17688
11622
15097
18024
16167
16444
15643
15724
21896
13784
14685
48797
16918
23877
20779
40126
12705
28121
18986
21036
14347
14428
19318
16032
14423
22565
17881
14410
17410
30989
16594
16128
18231
17941
15236
18008
11238
15071
21934
49608
19212
15713
25076
18323
15808
24136
19855
13984
17484
19558
24669
15866
14895
12892
17852
17855
17180
17613
27354
21350
16359
15214
18033
18278
21442
17989
15279
49290
14898
18259
16367
15686
15393
43588
15890
18735
14043
17936
14840
13845
22686
16835
17787
18042
20772
14034
17479
13207
19800
12344
17886
19298
16100
14981
19971
49788
24767
15822
22797
22594
17162
20032
15434
20456
26439
14644
19433
19618
14821
17952
14762
20965
17621
17101
17993
18180
12481
15997
18066
18376
15765
22369
12624
49959
15095
16839
14012
15368
13949
19883
22912
13304
22191
19010
18943
17777
16561
19302
24890
18206
17858
18054
14963
24454
20569
19720
28027
11831
18229
14743
17750
12288
16224
16518
14348
13851
13334
49312
17905
14246
18732
19678
13277
12522
19073
13417
12940
21842
30875
18819
18135
18327
15141
15704
13001
21702
15769
67120
22144
17799
18094
12745
15421
17591
19417
22235
22945
13570
17074
20157
20370
17033
49238
68677
11807
11146
16836
24893
22609
16738
17971
16004
74660
17836
22411
20853
18200
22893
19194
17372
22936
15161
17807
13756
17817
18494
15527
15664
23164
22669
17825
17894
22956
15084
22547
13508
13839
50014
20702
17669
23111
27454
49080
17005
18534
12636
18905
25334
14909
16756
22357
23151
18566
19445
16038
15742
17906
19421
18019
24366
14018
22311
13370
22486
23030
24696
15693
18237
16216
17963
17697
48868
18152
17961
18438
22320
17370
17636
19349
15815
16972
13992
17665
