273835
71900
74467
79941
90096
79392
79060
94054
93779
102107
79698
79535
94086
62483
67000
94637
94259
118066
93993
70269
94560
95013
78739
79244
89416
88235
109993
87909
87895
88829
78527
95016
71715
78457
68563
94898
94231
65062
68725
82088
78348
78911
79531
78163
88805
79520
79127
72132
88415
94947
95374
94415
78156
75361
93801
94513
65887
94981
79060
82729
95394
79492
68453
78859
95472
94101
78666
78541
253591
108403
88986
88542
101177
62280
79129
65193
94278
82407
88713
77807
74974
79051
79227
89057
80640
82758
74421
94254
94311
93951
67578
94530
100182
95170
62248
83332
74355
79325
82872
95146
78939
71365
60426
64660
79691
62723
78068
94561
77984
78808
84400
88826
65042
68708
73756
93379
254769
78311
79226
77450
78818
79488
93995
82959
96007
79400
79419
79311
78327
79385
83772
93752
67890
94104
77847
67491
68400
71752
93983
78856
74609
79007
94664
94534
90428
94375
74488
94330
68109
68850
84305
79385
84330
89207
146470
109380
87957
108611
94535
78654
94468
78925
73969
67062
85364
79845
80009
89646
83668
84306
79556
95089
79746
70631
88024
79686
95060
84039
75192
79335
87798
95027
255643
79085
79039
79574
83642
78198
100938
75828
78593
78373
101246
100693
72154
95026
108609
94563
108391
89497
99983
78276
93575
101231
84080
118261
94259
95284
78027
100304
78562
100940
85522
95082
84093
65480
83918
83287
83268
82574
79858
94518
93788
82944
62411
79412
70742
83072
79256
67923
72162
73829
93564
79363
82768
101812
95242
84727
79384
83843
154547
87892
108662
51983
88662
89256
254649
77989
65644
87977
84005
79153
84168
79213
94607
88834
79542
84124
94789
83973
68515
83992
94886
95211
71729
79868
79586
94460
79077
71835
83870
79294
78680
88822
93856
100162
62917
78401
79352
79387
72463
78956
71150
75232
143018
94902
88052
87510
71655
68699
77965
82487
68210
78735
95372
79278
78225
94406
83591
78897
95138
72383
94195
93727
87521
75369
79450
79740
83900
83768
100411
79284
254596
78769
84050
73827
75014
94684
100432
79442
84597
93678
78360
78132
100420
79818
88097
108891
88003
88759
108716
67435
95305
79814
94023
94123
71600
93943
78476
79725
95123
94845
84207
74489
104382
79708
78468
101746
75036
78573
94702
78152
95017
71950
93281
95800
95291
83939
93426
83704
84047
83712
95509
89100
75359
74978
94240
79151
93854
100337
109991
73997
74987
109942
101772
78865
94925
83347
78162
118125
95157
90200
79613
83098
63982
70950
82467
84139
92709
74051
83435
95049
79786
68623
79342
78457
94088
79639
79236
70818
109710
80135
79487
95620
72021
93934
94094
78922
83321
78421
82606
95627
79927
75573
109919
108513
74947
79075
74436
74741
79071
68588
78568
101694
79567
84128
74040
70748
80091
79123
101865
62981
79153
94792
95460
74037
79669
100513
83047
93941
68216
72818
79754
101029
79379
95062
84105
65488
79164
83700
64612
70938
91760
95025
79028
75282
255375
88264
109399
118998
79358
89476
83323
79515
65641
95315
67188
78594
78245
107687
93636
85030
106936
78404
71064
78914
71626
79339
93415
95415
95218
84475
79635
83049
84903
77982
67140
71082
78656
101611
93615
79617
79300
93787
71561
79672
82719
74905
95337
88220
109254
89647
85000
79030
75323
93790
75385
79145
72146
102179
95244
83925
83690
93847
79496
94214
94371
79438
101739
75236
254943
68611
68476
84081
89576
62672
78551
93807
94896
95276
78256
78832
84970
88052
101048
213903
94179
94362
75833
95322
94145
108616
108649
87968
108932
108566
108931
82504
84379
93602
88419
94152
64851
79443
101237
78987
93143
65573
78717
71583
79252
78315
73008
79541
79565
74979
93878
95293
62195
94501
61944
77807
83737
89233
94235
93891
255276
95027
78443
93828
71548
78618
77943
94662
324233
88634
74707
75167
111909
109999
118069
83164
89900
94285
93739
79617
82636
48728
71869
94786
78445
79290
79649
67641
100684
75900
114363
79685
130974
79125
79389
83772
93735
89123
70823
95091
65637
64734
94956
79483
89392
79064
79705
68274
82474
80829
84084
330714
88276
75380
93543
138936
78922
82979
95112
68192
94650
109897
119516
100359
95477
64404
84155
53848
67495
79543
78376
84147
83068
93551
79186
74211
67366
83008
77777
72716
95373
83903
109620
93712
68512
93378
92974
79300
94239
87919
93437
323380
82815
107918
89121
88977
88714
74971
94377
59804
94350
95237
79219
64681
93622
79636
94252
82829
104055
79204
118465
78352
100710
94812
67435
72878
68035
79638
78343
59412
65099
67793
65279
67105
93771
83252
93867
67957
84001
79903
79606
83580
94719
79684
79479
89153
94286
100049
101665
75450
133965
95237
77348
94909
84066
78591
79589
62875
64278
105457
89050
79202
78609
94273
95462
82889
78987
79226
101651
67133
94505
93616
82821
79346
74210
78535
79938
79170
100710
100598
94912
75352
79358
79439
94736
70403
78500
74848
117929
256259
144160
145673
88704
88743
83563
78343
82802
93948
70415
93791
79631
94348
78642
84159
78806
95144
78067
78976
94263
63177
77611
83320
77944
78818
80115
48966
89463
79623
74954
151673
87971
78510
77986
79332
100712
87975
79867
79566
79411
83599
84057
89069
87573
89432
118815
79528
88300
79606
95303
143435
255393
95249
255929
79328
65733
65517
79439
78263
89960
79762
78417
79545
79638
93715
79000
79651
79419
274295
82589
78101
83450
89069
73943
89435
79567
94065
254849
83863
77920
83916
75202
71354
94969
94268
74398
79230
88960
94801
83124
84019
88354
94716
68998
79867
94784
93493
93823
68466
94992
108886
85107
83999
68548
67536
72102
79147
79640
78924
102103
93822
83917
84427
114347
71396
83572
94204
101645
83751
84839
71679
101305
108067
83863
95195
95827
78110
88745
75358
108717
89492
89024
71099
83039
100443
84234
84363
100962
94446
100203
95376
78971
78554
101466
83464
78819
75328
78976
78800
75964
75094
65878
74224
78975
79053
67381
78075
90121
94131
84098
82638
79280
82281
67091
82079
79479
93817
65080
83208
78536
94844
154366
111382
117877
108507
109614
72133
93355
95282
79561
93447
75112
93573
101656
83685
303987
93773
93724
74079
94203
89295
84776
82904
80054
79032
82991
95085
95621
93296
83990
79459
62787
68549
79866
79259
79087
79192
94352
78505
75611
84238
78305
101348
95129
65697
88970
75100
78171
109152
255546
78980
74315
84069
82925
79645
83585
83118
84651
79407
103912
254476
82303
79724
100823
71783
306878
79800
95302
78565
94523
94029
79506
78166
93198
67977
90289
75360
94989
93597
79283
82917
83818
95089
83560
61871
118295
108684
89113
87810
89426
95121
94578
84327
85142
79501
71579
94967
79206
61949
79590
71908
94993
71219
77759
82811
83688
84238
83370
95969
62944
89290
85401
79748
79768
77458
64416
93939
93479
68601
94820
84424
100886
83960
94057
78650
94720
93965
84114
68646
95708
87786
108483
87418
78272
78405
102223
94626
79632
83153
78186
82415
75561
95199
62517
94574
79567
93349
72151
87938
101610
83506
79311
94244
79702
79653
93894
79323
94516
95016
75394
83804
68686
82772
94313
89136
78254
95021
95482
74942
83732
79809
94573
88997
88098
108735
95322
94932
93870
95258
101716
79748
118042
94193
62802
68350
78273
75406
94885
75133
76718
79783
78794
68733
80240
79695
84284
94210
89365
101693
75048
93944
62929
94384
79826
79139
83984
78093
101372
84469
101395
78577
94136
93512
88542
108701
65181
100742
88773
108640
71046
78263
84135
75511
71319
95074
100180
74413
78979
80094
90703
98902
79701
62780
94835
65445
95035
102308
78383
94323
79230
64647
83997
75265
78952
78465
83827
79242
79757
75671
101698
65963
93974
93937
71915
79462
89279
87762
89335
88426
75569
78853
95450
79037
94429
83794
79349
107703
79205
79146
84866
88694
95056
71474
93624
75189
83963
94370
78753
71388
102292
100944
83980
78956
62247
88206
93930
255392
93792
254866
71810
93385
101743
71742
79029
102408
78833
94018
79216
89129
87872
89169
87813
109321
93216
70124
71209
93659
75325
94897
77038
79113
89436
70773
101422
118242
89190
71159
94426
83774
66954
64519
84198
95406
101874
84538
82779
254818
83325
79361
85081
118427
78262
75145
78411
93686
83023
93485
78727
94689
100516
79413
107986
78077
108904
74551
77649
100477
70874
117938
85313
88253
102144
79683
94590
68485
84063
88955
78841
78989
79470
83309
78281
78153
94269
79301
79232
82594
114450
82445
118178
79700
70748
68467
72337
78517
100606
84076
68614
70619
82553
93539
82902
94195
83244
88876
108580
109146
79508
89140
84115
93698
101209
79585
78500
94698
94641
79584
93911
105110
78581
93682
80452
83199
101847
80072
101560
93539
100673
83155
83544
83930
66074
78304
83788
84043
64541
83816
95112
101559
119110
79230
112746
71585
94741
71757
88331
79582
116725
89290
84456
109765
79503
94119
95405
79964
94722
71628
79460
79740
75808
79387
94443
88520
78773
79437
101660
95160
119389
93725
79347
78332
71861
79105
66076
64435
79494
78763
316733
94575
101947
94215
79445
84021
64887
83171
79176
68860
68274
117611
70724
88199
87988
87696
79570
78515
94225
95130
150662
94132
84440
95284
95409
79577
95080
78218
95192
117983
71794
89273
78275
75451
78466
95007
65447
94592
83321
94871
83464
94357
94720
256930
79547
79892
79782
80014
102184
75205
68697
94726
108677
109868
143378
101634
88684
110001
65209
95412
80192
67728
94176
79680
78259
79380
82999
94208
78121
77947
94998
83128
79588
93498
89891
79138
75101
93475
106293
84018
79459
87939
89277
82600
78432
75564
95191
70978
94742
309736
78323
82414
78641
64563
89392
87905
84442
95573
85695
95301
101609
94833
93992
79087
94097
94944
95568
74872
83388
110202
79241
78251
94693
74369
79115
78185
213536
75489
83881
83049
93577
79373
94186
79491
73706
83356
75675
93847
94843
67716
93921
78959
108785
78821
88111
144126
67497
84271
79661
94447
83996
87875
78435
83740
79392
84045
74868
74418
84328
79427
101650
94436
94855
118718
83956
78290
152425
83559
64878
78899
67621
66053
94605
94619
79287
79596
94980
83398
68339
78839
79327
79605
70320
89276
78659
55432
109046
82508
88147
79447
79672
79398
94587
93861
70825
78414
79272
95143
93883
83266
94065
95053
75454
95358
88217
82532
79508
94042
105676
117922
101698
79659
78151
77397
78972
78122
254798
94741
101766
102775
78516
94305
83084
87843
83814
88210
75930
93647
94564
95428
95206
88921
95056
83881
94181
70274
75263
78362
74666
78253
75386
102372
94664
93634
100663
78100
94717
103547
74178
79718
94164
101960
79844
95121
84473
84018
83825
64569
68576
79799
79004
291516
93591
83765
78766
89528
89202
108752
119255
88003
78706
83158
95192
78376
79072
78924
71801
78347
62688
83893
70359
82595
78561
84000
79741
102046
79246
78138
79315
88040
276880
82308
68309
67989
82737
79102
78766
79353
65496
78622
93952
78821
79340
83018
70422
78096
109399
143226
95044
73759
79319
67805
83641
84401
79495
93689
83779
79464
67701
78269
83362
74559
94846
79195
71246
89462
73280
62453
94769
101488
95585
82964
93874
93761
64764
74108
79412
68218
95269
101311
88342
94114
93914
101648
100888
67457
95452
109707
68651
88875
74644
84169
79199
255401
65068
83807
78874
75238
79308
79861
84041
77992
90700
70608
65012
71941
71696
88255
94887
78285
79185
95029
102138
94735
95449
108079
94963
93960
78576
94634
79153
118227
71755
255423
68407
79559
100410
64973
108450
74701
89071
82717
94823
82904
79379
84025
83743
78714
93625
68393
65966
78386
79971
101694
74810
95117
78750
72062
68139
71884
70563
75383
70781
68420
83254
67772
95510
93778
94870
95187
94603
72054
78362
78108
78174
64908
71439
103825
69663
135066
89105
94783
79467
83124
109480
70258
82848
84592
94286
94987
100640
84184
83339
74395
102049
79601
75263
256429
119710
71007
95451
78604
77870
79054
95311
71809
119402
75712
78875
93913
73972
85551
94931
78438
83576
94965
68093
102035
89302
71692
84235
88615
108597
94830
83208
101454
83393
95131
71542
102822
78777
94240
71773
83164
95340
94977
102029
74469
70670
84291
101522
117936
95419
83526
88925
88476
79271
78353
64447
79022
83859
79659
75045
78482
78544
70891
74301
78461
95200
83855
88446
88155
74651
79717
108516
89538
79234
94804
95648
89390
94170
78324
102249
100394
84327
78854
119397
80044
94040
68693
94872
95003
78647
61801
68419
99914
82238
68923
94847
88732
93744
256120
119955
78851
93893
78453
79170
79319
82550
94924
95182
255096
78635
74760
65100
74802
87724
75418
93878
79527
102113
78787
72201
94761
71071
94997
79517
78297
75165
95023
78390
78168
93480
101622
83136
143604
78743
67559
95287
67260
95453
64559
62602
79277
67366
93531
95500
117768
94701
95405
84379
88156
79553
81195
108961
68599
110069
78532
109769
95748
79261
82671
79128
65307
64436
93921
78560
94138
93742
93719
75492
68146
83047
67472
93477
93585
83935
68480
78439
78784
94655
79387
83259
95499
75417
85286
95005
79873
78516
79560
79367
94946
83968
78942
83105
109745
74081
76046
88580
88022
89502
78181
94147
95202
119415
93443
75527
79512
78171
84085
74985
79535
79164
94289
93892
83021
79517
76567
79605
93590
67384
79862
119508
79162
93633
79266
74815
79636
93936
94584
83175
93640
79338
101303
68689
95189
78217
89198
93681
79190
142880
75630
94386
94711
95406
67273
77968
94882
66825
101675
95738
67543
102001
94162
77685
83587
82575
110529
95091
92811
75537
95461
83757
78683
79181
94732
78899
70225
82832
70893
78600
79775
75193
93870
95057
94122
93481
78662
96254
282106
75206
80038
79433
100708
70634
95058
117728
120420
78129
100829
74853
88272
79064
101351
79187
74626
74408
70930
78569
79573
78439
95510
82610
95155
78693
74460
74694
87899
95334
83090
71543
91629
61508
84483
94175
101585
74876
83167
102267
61790
93725
70740
89370
88862
71125
73812
82985
94617
88866
100837
78775
83765
79261
89021
79629
83190
94760
78885
66055
71166
67598
131369
77879
78379
94311
76164
94080
70966
72004
78908
101803
64858
94122
101870
89914
100909
93908
78649
78243
94423
94458
100607
79333
274470
71209
88197
82770
95110
78667
78483
101224
83112
78564
84287
78095
97065
78106
102450
64603
75612
82701
102060
95456
78391
118500
79226
94947
79373
95095
79679
79405
70939
94270
95020
95033
95056
101640
77953
83937
109725
95340
94224
67884
78729
75482
108469
108832
89284
82816
74715
108632
79672
78546
63411
94370
73987
78458
101198
83616
78288
74224
79563
78338
102447
71768
71435
79095
79503
71661
83280
68361
68618
93886
83385
93979
84319
94696
95618
84426
67565
84041
95556
94778
74407
97762
95054
74170
93945
79293
88078
74195
95050
94849
83813
68315
95038
94055
83064
74640
89559
83047
75378
118328
67184
79370
70486
78279
83132
78507
119649
74833
100993
93922
82776
70167
83052
94719
78629
119846
68256
79564
84051
78262
89334
94698
79334
95008
88200
256409
186785
119455
89377
89597
75506
78391
94803
79206
83371
83445
78472
88268
83041
70424
89727
102203
94718
94583
115816
83017
68480
67400
74459
79639
80272
78045
78592
70602
95061
93442
83037
65067
78328
79763
92913
78562
84237
88545
95844
93443
93732
67206
109875
108675
87919
88469
78881
71177
102076
95729
61892
78300
79034
70964
85445
82546
95410
88394
79197
83789
78585
67978
101102
75344
95998
71103
82956
73935
83854
89455
94866
78081
95199
108701
95041
101301
82838
93807
119694
94218
94459
83185
74031
89301
109598
109410
93851
123838
109787
78093
83427
83447
89295
82919
95217
78038
71498
78941
83132
95430
79657
79379
95216
95477
78342
78807
79978
78509
95070
87598
68714
68423
95221
101414
94470
64697
74534
95016
70969
95409
73972
74125
78248
79672
88478
95146
88529
95678
88016
108599
93791
68216
94218
78227
70674
95148
68410
75541
78505
255888
101437
78730
78297
94889
95231
65543
94975
83949
92865
84333
94887
79338
74741
77996
67432
88723
74441
84112
79911
61921
84282
78510
78871
68108
74817
109973
79527
71617
94583
109811
88941
110037
89248
67817
100296
79432
101190
78339
79030
77967
79298
94346
71558
78418
74406
75396
71594
96738
71084
83914
78800
78253
68963
78424
77842
212974
78564
94685
93970
95089
95444
83330
68299
83340
78457
74587
94406
94037
117815
94000
79711
89423
89130
78714
94794
94581
83457
94665
94606
100969
78660
94489
60076
94954
68303
83528
87606
94837
101991
78820
95172
70869
74498
95010
67602
95050
82870
77647
83928
94341
101910
78156
100885
67244
74686
71688
84220
74274
79747
94594
74159
65741
65528
110105
88066
95144
55745
88309
83669
83129
78314
78900
118207
94950
83418
78415
79576
78941
83496
67717
95440
102842
88078
94980
67134
77870
101940
77771
105394
84390
70300
78039
49268
75622
78258
78180
98699
70752
83244
78256
74242
78084
84107
78719
119743
74590
109919
89081
88242
78841
255078
78561
95162
64616
70988
78544
93953
67705
83056
93911
84367
95116
95580
78658
99911
82996
93440
100954
79306
94835
78430
78732
70695
79094
78145
93863
78923
78168
126674
67408
255757
78505
61873
78415
82374
79861
74687
109669
95550
95255
78365
78308
93785
94849
84292
94842
101898
95329
71220
93923
78681
93978
95110
77996
94734
49218
67727
78109
95537
83767
74208
83355
95379
81260
89336
71314
75119
93997
66774
83632
79397
94887
82809
60122
83695
78667
94682
72262
109583
88296
83047
78945
101907
74264
93898
95358
78543
83184
74525
91840
67662
75043
95091
95175
83215
78079
78528
65663
88367
79892
126961
95356
78731
213265
101198
77847
78328
94325
94061
101839
78549
82324
94034
110537
95298
88118
94247
95221
100952
88528
144465
108783
88925
77494
254274
67879
78588
107283
70466
83489
83301
68823
93609
94945
94746
95064
84499
93499
111835
78438
78874
93887
62153
83563
94790
64686
110291
95218
71651
95349
93614
93393
79366
79202
229956
78626
78602
94243
117796
101721
79478
93985
78216
106128
83129
78822
94182
108108
109931
88018
88204
100074
72114
78315
79053
82806
93614
94585
78358
95305
74457
68658
94780
79044
78398
77960
62837
117991
98475
57174
102179
82910
297603
71632
75446
93620
94358
118740
94612
93370
102126
82956
74983
67755
100671
64874
83672
94354
70020
254374
75457
100746
65331
88452
87888
78019
103566
101755
78127
102173
119131
78340
82338
77730
94966
78926
94074
254311
74881
90154
94235
75564
78655
108358
82747
102549
95762
95636
94450
71512
82746
78438
82916
94395
67360
79886
74434
83344
93349
94821
83101
118757
64701
94932
83062
94155
108913
109933
80784
109818
87741
94799
109902
75129
78060
78515
82901
78705
101070
93834
65827
59955
94570
94286
88748
79851
78518
83298
79449
79493
75354
78468
82799
85039
89435
78100
94034
94354
94187
93475
94412
82579
96381
94390
94847
73956
82947
100645
79127
88273
93779
70611
102082
143441
104811
109800
74467
79164
80622
78751
101252
100231
79720
94187
83123
93761
77738
83765
107449
93693
95066
79482
62436
94848
94081
94504
78759
83903
118257
93806
100515
94521
101554
102317
93846
93773
83784
78933
83312
70391
78446
94156
129261
62810
62596
98482
75011
75162
108452
110058
102089
78474
87765
94626
93937
94472
93648
82997
89007
119084
94030
84392
94004
94456
84041
79277
82858
83115
94850
93819
94990
49171
77798
100978
79561
84579
93809
109885
77878
95033
75496
101109
93401
84372
67754
94539
125972
93844
79191
78696
82894
79431
89328
88630
78251
115062
95895
83252
75569
94779
106256
301051
255050
92109
71262
97449
79515
65397
101464
79624
93850
119475
74191
128461
64641
79098
79402
71597
79582
93977
83872
255283
78783
78537
99947
100193
79396
79423
125656
94418
78333
105768
95388
77236
79166
94113
108248
88228
75446
109396
79405
94148
79231
79593
82706
93798
78686
79311
62868
78776
94913
70588
84507
93860
94038
94381
68156
79269
95111
89152
93493
65407
68282
75390
94149
79565
84782
94356
102936
100279
78869
75285
79340
79305
93573
100643
101551
79006
93426
65161
78112
110262
88196
108627
88019
79456
77729
67322
106828
82891
110809
76671
75420
61598
93623
119164
101100
78171
64451
78462
70926
95337
74171
79272
82983
100743
108629
79722
94470
102872
88230
78752
254787
83445
94403
70597
93740
79135
78237
94259
93293
70789
108519
110406
87679
110124
75096
107990
101462
79317
83084
94331
84283
83922
83390
72139
79198
71549
75107
95026
94942
79163
71770
77891
109099
83169
93666
89857
88321
78421
65217
78995
95190
79464
93727
79602
83965
63012
65678
78118
93889
82783
77896
94166
70692
268682
89417
79897
88579
87910
93458
78785
89184
79080
93542
94220
70496
78030
79662
127367
79939
79533
93593
79541
78630
118067
79028
72014
94547
79133
99975
126484
102500
93656
94286
79043
74993
78899
79739
83695
93494
82764
79160
78122
110538
79465
79807
82934
82466
77801
109960
87692
79507
109248
119293
88767
79299
111361
93803
93529
83228
78784
109362
84656
68561
108988
79713
94383
94149
93651
254932
82845
93884
78921
94326
68314
79644
94149
94075
95311
93781
85486
79715
68164
95360
80188
95120
78373
78675
88306
93833
79264
93740
79401
88594
88069
87960
109597
74166
95012
77476
79493
74311
93951
94525
79761
79367
253500
93939
75455
98773
78305
79228
82291
95123
94544
93746
79556
73496
79278
87920
94129
79435
105691
212842
83333
71984
95161
83373
77862
83215
122399
94268
75303
100277
110776
108124
89089
82985
88824
126262
101174
87857
78235
95382
100943
78822
79561
78413
112621
93924
71488
94371
83479
103149
75582
94118
75359
70778
79114
87976
93930
70478
79227
63090
93487
93961
79454
100825
67798
109655
79489
94451
119969
79307
82989
110255
93677
107265
78986
89367
108573
83899
107965
97618
88783
93672
78611
83833
71648
94950
94058
71778
83255
109949
119069
79334
65525
79247
94396
79543
65309
79873
78717
83673
94085
94583
67262
83848
82814
78044
62771
79644
107345
96469
82486
92500
99970
78028
84210
123244
75454
95767
74986
109327
143582
75145
87895
74711
74104
82493
65104
79463
99948
79963
83951
95620
93207
113687
78504
79381
79394
87008
78653
94699
94344
93717
94513
95363
82872
72897
76889
67251
77956
100368
78353
119362
74199
83046
79335
94243
83345
107099
71959
64622
93924
93759
64941
108747
88533
108903
74562
79789
79543
94162
108686
79546
78245
71910
78728
94300
93549
79584
79240
103062
100677
71922
98407
94278
93375
93487
79905
78845
79622
93948
83637
93778
93796
75515
95845
78553
93719
93669
88153
94381
79232
102159
85245
108523
93865
109070
75154
88418
144292
74497
79899
87996
70737
79549
116775
78740
75734
77913
88562
93728
93862
79312
78407
93757
94109
93548
93860
71890
71671
83183
95293
71120
82928
61697
72553
83954
94672
122350
75675
73853
82877
78737
96441
74775
67154
94112
98299
94327
110211
88355
144862
108841
49104
94452
101028
78566
101156
79315
94403
94236
78487
83783
71492
104151
83193
65578
121395
68446
83721
82559
84360
79420
79487
88748
94496
78591
83504
101964
108604
254959
94096
94326
78297
101019
96279
94215
77746
78264
75074
65476
93834
109057
108760
74274
101708
121296
115752
94436
76605
71532
94143
71535
68184
78508
93707
115810
74073
94632
84043
49591
78866
79689
78694
79652
95306
82956
107144
93473
94723
94829
71904
100719
93823
94091
100673
100918
100879
83271
78573
79121
79585
79247
83907
83501
109510
88023
88177
87651
89470
88306
85365
78020
79210
89714
71817
83383
64982
65546
117588
95299
78709
78937
83930
79189
83644
79135
79049
75061
79408
78858
109667
89596
78350
64803
79829
94276
71806
80072
79584
79249
82846
94227
79383
74843
70598
79349
109062
87691
83001
75023
72031
84471
73672
79504
78891
79043
83967
77848
93543
78606
79571
100921
106701
78302
87812
121283
119132
94211
79204
78748
83136
94064
94349
125884
88451
94065
75375
102054
93944
61881
93675
68994
79737
93970
74048
100943
79321
79972
93787
79361
87801
87272
88202
64975
94312
74674
68856
67028
79652
100587
93876
71903
78770
78398
87941
78237
79427
79099
84075
78728
84503
84186
95183
75008
84072
93812
212852
95135
82779
94250
82987
100810
75282
94469
120778
83991
75265
75229
100977
83170
71538
83964
94295
78416
89508
88945
75213
71347
70096
111188
100467
94168
100886
94506
79395
95054
95146
78125
62690
68039
79745
79058
78190
121103
79701
125386
93349
79391
95518
95421
78635
83815
101331
77784
78925
78145
83657
117054
80133
79258
94163
78177
93961
254243
80090
88370
102105
108969
87943
82677
78112
255498
84083
82911
94119
119351
78901
255415
88199
74038
70549
71171
120558
68878
79065
94494
81205
74243
79556
78164
83107
94014
78637
101288
94016
78302
79058
110159
101360
78875
94222
79612
78953
82621
79244
79081
71272
70670
87963
68129
108584
88239
91126
78444
97725
78847
94342
93525
79910
82724
87259
78322
87790
93612
79071
71738
74435
93813
83422
79568
79232
82852
83887
93986
119551
79299
97316
79877
88008
94557
73735
68771
71554
84577
88092
78563
78423
94247
75488
79025
94278
71851
75491
74491
88975
79385
93575
79163
75323
70707
88721
100489
95368
79848
134142
83819
120669
93718
95393
93924
95213
78616
65388
83509
78462
79807
111824
75641
78999
83347
83435
79668
79335
78483
67594
253383
79783
79708
84216
79578
79434
93652
79635
101126
110210
106659
108647
88315
94166
78979
79581
95149
95125
77854
125798
94948
78949
74194
74432
119118
102037
94767
62215
88155
79289
94681
75028
79119
71297
79149
83803
120002
71710
78311
66299
83258
101342
71536
79474
74686
93968
65550
94695
75027
74968
77998
253403
110165
88725
108945
79585
109276
79582
78691
88407
63160
67822
70668
95123
94561
84012
79638
94805
74743
105298
78140
94252
121134
75302
78269
90174
73981
101978
94128
93679
83477
79279
79507
77710
95256
254770
73427
108523
75899
75067
84860
79610
93931
79491
88967
108176
73463
87770
74138
94250
108437
254653
84540
75246
78214
83540
77928
94974
94167
93803
78354
77081
74759
118271
99665
77964
83518
78465
71650
94227
79035
79378
127919
95154
83852
75519
74442
84016
93800
79539
95106
79474
78797
79387
93776
75665
109887
71470
109092
108354
88883
88729
78360
75129
93404
84483
85175
114682
254627
84046
92243
93960
71096
82908
67926
73993
80003
83448
78560
83866
71336
71930
65481
95046
93746
95220
79281
77807
79475
94155
78946
83810
78580
83890
80226
94140
79501
78081
71790
79697
95571
108332
74507
123219
83283
94000
79132
80084
97175
93941
78329
84078
94484
74611
70466
93659
79159
83792
78224
71384
93821
75590
79223
95297
68412
84119
112333
79572
74933
79137
84581
95093
93549
70381
78937
74583
67256
88101
111836
84897
79246
94008
108203
87916
88139
93992
108647
74617
78331
79731
95374
113299
79782
68382
80170
79404
83116
94187
119348
94218
112319
78467
78577
93648
94297
94021
79604
67564
94818
95182
70507
93981
71824
78282
83794
90052
83964
71328
253109
82956
68364
78657
94150
95544
78034
88017
137451
108617
94067
94037
68117
79170
84054
76613
74801
93777
94931
102277
82447
89526
94460
79428
94004
79746
103624
83863
75763
84187
75238
108994
93896
90487
93543
96202
94761
77923
89166
78727
83761
108879
74398
71621
95040
79197
82964
65122
94712
109212
103508
85669
118132
67611
94150
82920
79898
93500
79415
83432
100891
89672
79321
74666
74332
84116
94458
94721
79336
85048
78898
100891
88549
94278
82986
79025
107973
85539
83251
114181
94511
79169
94307
70857
88887
82997
79154
95428
93895
68575
78997
254564
65133
94408
88750
102140
78261
83191
79378
75664
95170
71920
95008
78886
70461
89790
82986
79608
79206
75185
79561
94551
64606
79601
101166
106581
78918
74738
79102
79282
101461
79328
93534
85262
78621
87436
93729
94348
100814
79762
94147
93592
83879
74716
79013
79402
88326
79188
138780
108509
84216
102179
78190
71816
74191
82856
73916
95545
79132
77596
80144
102392
57569
94199
116972
79762
82653
100858
93898
117417
70869
93868
78618
74546
79793
79457
82963
79511
79366
71212
71154
78938
84024
84018
84172
78694
77853
94672
88358
255579
108350
67305
78777
88858
93699
72011
93627
82833
108734
94644
84324
79642
96314
78093
102037
89401
79850
72027
94891
78278
67315
64210
71462
79759
83780
71009
65227
67837
79500
71745
68300
94377
67418
83647
96807
93669
95049
94146
94425
95097
75532
89132
88684
74455
74393
94036
79247
71368
67786
89092
78330
93662
71448
87909
79120
78850
78875
101896
100232
79471
94362
93791
79798
100860
94462
71261
84001
79483
73912
77784
79670
67994
70388
78378
88131
80009
80054
67455
79620
118287
94653
96344
108313
117015
143722
82534
102085
74233
93555
95590
95043
65467
93436
79791
94843
74105
95016
84109
100830
78452
94301
79479
67553
94109
94150
82359
79638
95067
67427
94572
95162
93652
93519
93803
71364
94208
78744
90085
94083
93960
79566
78896
88290
74670
74274
89537
88052
87988
112986
88247
79305
93792
89212
95153
82758
83133
78775
94276
78247
79768
94058
122765
101371
78972
82673
116145
119016
89300
93811
84347
78375
81529
67021
79462
82952
78821
94115
68531
121843
93713
95038
84261
78874
78100
88953
114830
79653
74547
88063
89198
109048
93345
61812
78413
75431
108480
94987
95002
78880
77685
89164
63428
93763
79308
78482
84281
82692
78377
78539
95610
89999
78001
78301
65372
83120
77471
83503
70922
95856
78305
82878
84053
94589
94119
71861
82710
70853
71944
79333
84241
94690
256168
79462
118588
95039
70950
119050
109922
93878
90107
94179
254518
79512
83937
80058
118579
84082
78989
70755
78298
71156
94477
95378
88974
79290
70841
94989
79207
122799
70801
254518
71642
78476
114421
93582
82905
83117
78162
253211
79583
78584
89066
88736
95736
87848
89879
94922
67787
77986
94934
83052
79391
93671
77791
84371
78326
93944
83619
94915
96969
93966
78880
119065
85202
68336
95394
94060
95386
93799
94816
67356
71876
78392
79536
79246
94612
109899
79280
79494
78818
59698
254342
122592
85513
68782
71594
94881
88830
143946
94960
82973
93647
95184
95343
95192
84020
94657
101185
120958
94642
100981
79388
119166
84354
83530
78126
94166
78742
88808
67925
89637
95356
83269
79475
83664
94305
89395
122264
87870
79716
70943
74889
83630
100790
118854
97410
114714
108562
79331
88287
88152
78504
100240
107536
93955
75298
71501
71251
78777
83964
74396
79605
95229
108973
79349
62511
73595
255642
94377
75267
94522
75203
57848
78065
108062
67584
94180
103196
65581
100480
93784
94323
79151
101391
78719
93604
71834
78470
68388
94050
79625
74831
67920
87899
87973
94338
75473
94200
68278
82911
79930
94440
74882
79988
64872
79129
93713
79217
93842
94196
109992
79347
78998
71338
79305
95174
72065
93566
75529
83824
94657
93261
65460
102034
70639
67550
93978
65419
72572
95022
95394
116945
75093
87957
75573
182595
82798
75515
78746
70929
94494
93914
68212
85194
78251
78609
95201
100956
95054
79557
94506
68353
94237
119858
78815
96667
77403
79484
78866
95144
94732
83992
79123
103719
78289
82755
78803
254561
70595
78851
65409
88023
74254
88260
109335
144474
87962
110154
110178
100669
101016
87903
93834
78764
128240
79328
83105
95009
94693
79454
74215
89019
83555
79259
254196
79012
83104
93701
82776
98549
65991
67899
95109
93934
70866
80625
67571
96437
109163
93658
70502
83188
94713
77925
83686
108662
88354
74319
88377
89281
102004
79493
83348
70723
93853
65411
85511
88138
79151
83158
78803
78757
100591
94372
78958
77948
78298
78735
79637
78539
78193
105345
93305
74507
82865
78447
82798
100830
95600
83773
82546
95432
68723
67742
78412
94575
94302
89123
83081
94571
75402
88261
79002
88101
142838
94046
95139
83006
275086
83001
97963
94362
93498
93950
98500
60418
79556
78525
101093
57649
94033
93943
61302
93892
82941
78983
78593
77850
95300
84417
104144
78047
82359
89551
78455
72558
88424
84189
75252
89212
68073
74943
82725
87659
88901
88935
92849
62200
94363
94964
101409
78550
78118
79343
94570
78555
78303
93625
77907
95233
78494
93613
93564
101588
78724
78330
65659
94798
254735
82352
72065
100654
64602
78786
82817
79163
78694
77845
78715
82614
68113
85883
93425
78489
78453
109672
88703
109835
88456
94864
94118
94146
100940
83992
84019
103777
94642
119232
88185
79699
100654
95358
78459
78747
78702
78344
71129
82934
84743
100929
75282
88890
94016
273579
79537
95208
94947
88756
83281
77888
68940
80071
94008
94334
93971
92377
93624
109998
74369
110152
255455
49374
68700
74813
100928
94797
71682
87990
79512
102075
118926
78059
82740
94404
84192
65108
101233
94618
95183
95318
78201
94220
101831
82696
77901
95203
79886
94748
94915
79127
84550
95624
83205
83421
74550
78465
78247
115063
74747
101848
87947
110174
108892
74791
88152
95218
65723
84010
80065
94078
71378
78728
78351
74179
95122
79466
93928
94304
64666
95301
93984
101936
78552
83112
130135
78001
74304
95075
81129
88335
94988
78510
78776
93987
84493
68872
81555
97852
95179
74654
84137
95374
144590
254773
109767
108826
52591
79710
75239
95377
78242
78061
94429
95014
93406
78554
78658
71115
95168
87870
83784
93349
94290
74717
68158
68128
79537
84150
78295
84747
119335
78395
92417
94721
94760
93902
64687
85764
117655
101151
93977
70766
93842
78138
68320
78353
67342
89506
88052
78044
89786
68238
94438
74003
83579
79489
83178
100459
95347
95508
83533
78682
254530
68303
101862
78544
71081
74722
117901
95110
95351
78934
83726
95884
78501
94436
78550
102105
94946
94096
78042
100381
79254
95177
256184
93958
74463
87719
144088
110143
83671
92634
70724
72161
75143
78443
73917
95288
93491
89094
71758
79746
74684
95102
84419
80340
94897
94924
83423
93831
77799
88316
84673
64514
89326
72371
78352
78782
255568
118988
94152
78367
118074
94921
83682
95207
78872
82722
125709
78977
89361
109561
109712
108616
100653
88960
94109
78749
62502
69001
79691
83196
93348
74657
78343
80046
83215
94376
94300
82817
95013
79667
95212
102404
84553
64980
94511
94346
78242
95097
123790
94253
79292
70919
65660
94953
78759
71710
78327
85418
94302
65728
89370
87990
89133
89291
94310
102023
79032
94601
79593
94793
95296
79696
95685
78955
95059
79155
83589
79910
94936
95084
94088
83207
89221
78592
85926
96642
95590
93999
100914
65781
93862
78420
62607
71179
82606
67767
95300
94845
123205
84062
95828
82437
88084
78652
89338
94457
71234
143267
94085
84051
83679
79780
78623
72532
100104
83666
112155
83162
83701
94232
70619
94863
94001
83887
94836
94943
93807
78996
67903
94861
78463
79024
95152
71133
100989
74728
84389
105438
83338
79121
86161
79430
93701
108842
95868
109371
79951
94593
83434
80177
95561
75388
68463
101203
118145
89614
87843
70692
79108
119780
74239
79307
63193
83492
94155
95013
93694
84402
79722
79064
93979
78158
70947
76541
79369
80143
79654
78776
89619
109307
143690
108695
78362
110133
93468
83615
105931
78974
74540
94167
78089
79346
79367
79208
78527
118303
95023
213437
94855
89244
79617
95321
85680
79648
78529
100600
71462
78622
93499
89684
71720
95301
94887
74623
89156
89130
89124
70961
95321
82873
71181
78883
78430
119153
94999
94720
89297
79485
119302
83124
95329
275991
78606
93601
60936
70960
79851
83317
94665
65042
75845
79302
88261
65098
71654
103292
143795
83904
78592
79978
84121
88921
94654
139138
95476
71441
78462
82852
95023
71962
82968
83142
78369
79700
84331
94768
68417
66076
70870
78225
78827
101806
88021
72835
83339
88414
93924
84307
83747
93562
93684
83864
101284
83737
79442
102190
84598
65675
88386
109274
109869
71416
70545
74627
68351
83022
83231
85098
82899
79478
82474
94434
95284
84490
79502
75550
71357
66043
79392
70755
94719
71762
78312
49736
74459
79764
94448
79482
78180
62440
71540
94637
74202
71691
79675
74469
75747
110406
88826
88821
100340
73813
94474
84384
74541
65123
82942
68604
83511
95214
83608
79426
78742
78520
79170
79701
79906
80353
94119
93858
106736
68762
77620
83028
77908
79069
84239
78418
71916
94947
82685
77974
89175
88970
89197
75313
93894
62014
105108
74211
84057
78971
84282
79487
68389
101867
95246
79336
105283
67088
67072
88525
70197
78905
83416
99933
68023
97677
71833
94267
94764
67597
93980
78938
95163
79377
80447
94725
94786
70884
67854
108649
108083
109006
94079
84067
95183
79053
95492
74760
84032
79215
89238
95003
70666
79165
79335
95373
79325
83833
93660
94965
78989
95026
79635
79298
93772
88553
63419
108477
78520
83646
213767
93832
101147
82598
94618
59691
94899
82953
67258
74973
108768
74526
94022
78561
83867
154459
65521
83788
79336
95149
71726
94830
99284
79429
78489
83943
88876
79544
65269
79712
96012
71724
78871
75215
82725
95058
69336
70167
70168
79566
79476
78075
72080
83986
94724
79013
88584
110281
108242
108891
87613
108890
79082
83619
78561
78666
89111
70811
94718
89782
77846
79613
78373
84532
95433
93471
68121
82608
71932
79774
78304
79548
79081
83934
77742
84423
93600
94047
78228
84307
90030
67583
93010
94735
83739
89282
108611
89498
108529
78613
79795
82854
78599
255351
78926
88564
83502
64184
94907
74245
83927
75503
83770
94915
79373
88843
94711
95354
93522
75301
101616
78735
79620
94003
90085
78255
88816
83845
78019
79130
147679
118541
83723
79571
78379
79641
68191
74668
108741
95301
101910
85263
118599
78417
83956
87666
79155
82540
78907
95170
67621
83460
79456
94687
78485
71641
51037
79413
90135
84671
78186
83089
78341
83411
67314
93833
78311
78940
79532
80163
78187
95089
78413
84514
84422
94480
74999
117969
71347
68229
78997
78831
93939
93812
94487
79035
94248
75533
68924
321536
101213
65514
95990
83414
79908
84081
59267
87823
101584
78642
80050
94850
79182
79399
68180
101039
68509
67877
84323
108148
79624
74320
88712
94599
89354
125313
108227
101839
93951
102283
101754
73758
95314
118549
84021
78306
84404
94956
82988
79244
66675
79615
118384
78439
71540
78575
78126
70459
94277
77880
95201
75127
74848
101262
78769
94762
78990
94489
86498
94591
78303
82517
95373
79581
87559
79306
109959
87786
71446
83998
69862
69772
94923
68300
82890
78695
68523
95099
83298
75328
100004
94740
68272
78105
82766
95176
70701
79275
101929
79121
78179
78306
105649
78465
83900
95012
79291
75552
78898
94440
78592
77931
102154
83404
88989
109749
80176
110170
89432
108807
79459
83151
95689
67291
79228
83883
78024
79107
77712
79556
84292
101274
79969
79585
84914
94546
79138
79139
71642
71610
78893
94495
88310
94970
133016
93706
78899
74911
83044
83607
84052
78509
70185
72238
74919
74557
110076
89191
83658
125862
78942
78738
71834
94170
67614
94880
67113
79213
71928
89232
101297
96677
79396
117423
60326
83371
75189
89177
78821
79338
93639
78055
84035
78836
93951
101925
94477
84642
73914
78608
78808
79668
112518
95049
93641
108559
108713
94730
82472
94077
78640
62552
94038
71514
94604
93886
90007
83946
83851
65365
78585
78395
95304
100765
66228
71469
94579
79210
82986
71862
79185
84283
68214
100779
81007
80155
79477
79301
100332
78400
94800
93830
95235
95197
68414
101680
143037
74293
94746
79708
74122
78232
117017
95318
93675
79448
93424
82636
71759
79040
78138
79691
77884
74545
75393
69060
94504
83914
95493
121526
129357
94684
78113
79124
78365
74709
75856
79572
94966
95069
95252
71900
77820
83169
93357
73933
88763
88966
118242
108508
74899
111337
95043
93814
68484
101037
93303
118098
95074
77900
82438
83893
95085
94227
78485
78141
100757
94996
67244
78145
78560
78988
94607
94896
64781
82307
94931
70967
94493
101735
94029
78644
93939
130077
83686
84148
79026
64908
116982
88825
74561
83636
108804
78150
83923
79255
79426
79230
94617
73567
68727
67799
78360
83773
101367
83991
66999
94979
82455
65131
84940
94599
79053
78470
82323
79273
78881
79481
84324
79372
78263
93690
79409
78512
61567
83857
68321
87998
89110
89238
108898
101461
100667
79179
75012
100890
82729
79029
111319
84403
78584
94406
80005
100977
78591
83637
95063
75867
83509
94584
79541
78976
101347
77575
69430
67323
79085
83821
68509
71944
95077
131616
78222
94509
93233
77915
95271
93228
108746
88921
122002
93886
79297
118655
118149
72498
80354
83599
94551
83540
95328
100922
68441
95175
94110
79585
75347
83934
76282
65563
82315
74951
75419
94180
118559
84336
78864
88332
84253
79615
74492
93917
94764
83178
65041
93453
67099
79143
102063
94951
108518
79316
88030
83821
68852
77681
93760
94217
93552
94008
101809
94528
83469
78220
78084
124513
134745
68146
94721
78763
75105
70674
84058
74092
82947
82631
94311
82295
83735
67530
70631
78517
100897
75756
48955
79681
83826
101240
79480
93930
89467
87625
108693
108529
89019
93861
94329
78860
78450
93604
95501
254394
109738
100963
72370
78574
89216
78007
87572
94056
95434
67657
83999
77616
79060
79252
79305
78568
93681
94107
94237
93815
255033
254974
78445
74822
83734
79619
61402
94014
79626
93121
116164
108199
114086
64100
94925
78499
79312
94184
68546
94977
93898
79841
71189
78995
71331
118586
88949
71144
78731
77573
69117
78609
78142
79244
82826
83808
93683
78241
93328
94819
78861
79495
94939
78371
79422
79542
93969
253491
78581
94144
74451
68263
74855
126713
254509
108521
90136
78661
83801
94000
68584
80038
79022
77539
105831
71263
68278
70153
79196
71940
79030
74512
78756
111483
79600
94403
79207
79680
74946
78783
93898
70654
89462
78934
75488
71692
131740
78018
100593
93692
93750
80211
95259
255154
74301
93851
70739
94024
71705
79643
82410
71064
82986
255134
79907
131442
77889
94382
84950
93950
71660
79200
65309
135557
83454
77953
82532
95460
100688
83953
75606
83516
83360
59591
83120
64130
80307
100791
79519
78347
71503
83844
109237
88919
66009
89373
79325
79550
118309
120444
72366
79059
82509
74281
75599
95510
100984
101732
71170
118148
94495
95025
78165
78989
69898
83771
79074
79523
93971
84435
73415
84134
78607
78894
94591
67474
82150
93722
78781
93939
79580
82866
77994
78114
109828
253866
109096
79654
88322
75248
78462
93894
108847
100907
82421
93722
112986
83798
108834
100401
51954
84025
120955
78200
93799
89826
74443
79512
94202
94793
78870
77974
78702
93964
75284
95146
94481
101592
66968
78098
94260
82863
75538
78341
65367
89309
79443
83261
75230
88515
87769
79533
94041
83823
93833
83794
82878
83821
91075
79550
65631
83543
83174
82804
78132
93917
79637
77761
84737
118566
83279
79146
95100
88768
75221
68323
79550
83752
94421
83066
84094
93902
93509
79805
93741
79348
93938
75551
107301
93966
79106
93725
75429
72127
93577
78001
79488
94128
79036
65350
82734
71796
82756
83885
84774
79398
94594
80057
79202
95169
78087
79148
82406
93568
79479
79710
83067
79242
77905
79211
94970
101099
78912
254190
67800
74817
78763
62659
94840
48619
79188
144397
94088
79308
83657
79251
94744
88763
83447
119691
84334
121078
144755
79108
95266
78076
75217
82385
79652
93599
119759
64382
83878
94459
47875
74199
79559
74149
78551
93987
94918
67776
78698
70956
94792
87951
78220
79229
78648
79895
79123
254140
112426
79429
79545
82309
116650
79329
78628
93638
79112
82531
89088
71277
79897
119368
255524
79851
83905
79394
78740
94841
100412
95020
78044
75626
82769
93804
83500
95141
74260
78539
79171
78230
83528
94440
79405
79392
71659
79289
79228
126557
84527
254576
74083
79492
78929
74166
71641
65379
94763
93408
79507
110030
145051
87973
109545
108440
102082
94808
79580
89083
119817
93727
71256
79404
94532
93316
103518
82893
75395
83367
79705
93728
82980
79084
79577
93387
128803
75648
78440
79310
79114
94515
94329
78665
83588
100697
74449
78690
92003
100751
79031
83873
83865
82375
79672
74001
52304
93689
94428
79751
79127
87559
88254
64440
95270
78643
78915
79733
78705
94015
79992
82796
103216
120749
89312
118930
79239
72029
68659
95271
84090
78131
98753
95216
70660
79293
255094
82580
94814
82870
79299
78160
78591
73999
78874
94256
75521
78090
94025
115328
94049
65333
79343
83987
83366
74516
74157
75092
95747
65268
88838
87778
79554
82825
76033
83611
79551
75159
79516
83896
78239
62484
95015
78060
79799
79832
78320
83778
67074
95294
93879
77884
78403
94691
254434
95285
83811
95306
82986
83410
78007
119344
79527
79941
94706
79293
79320
78601
79225
78262
79688
77911
68282
109519
88156
108651
100724
78481
79216
78089
88914
117777
83143
121269
85432
94809
118848
83539
94986
118282
78296
94840
74844
125296
77751
75142
75166
78125
95051
78384
93977
79305
94294
68768
83432
117893
82704
72085
67483
83453
94378
78360
101657
78390
83743
82733
101880
78168
79492
88844
109089
88159
94001
100686
83631
88802
79724
82889
83827
79210
116498
79398
82633
67535
78261
83508
79841
64700
83763
83816
101654
94112
87577
78934
123819
79549
83276
83695
68370
74454
78675
83569
79058
95107
101058
117007
82476
78143
93254
88167
93615
101736
78219
118499
255490
83804
108679
89118
85348
89095
82527
70920
95443
84181
95846
71758
71766
79525
83954
79057
94853
71648
82695
79289
94071
62812
66054
83081
83617
84258
79050
88661
78515
123187
68980
292191
101823
83356
94332
81997
88600
117786
118394
87653
61183
74171
122666
79890
68554
70824
88277
88066
89177
83342
87976
83506
79686
83041
79341
75410
88833
78139
95356
77859
94682
71646
82755
78652
94851
79354
78361
84815
94848
118236
65423
78691
89248
79334
78792
88620
94381
84349
94909
83910
79225
117888
79598
93416
82851
79645
63186
83474
118263
95271
108627
89411
108781
108571
109171
109418
101893
79740
78907
79005
82517
101461
100935
72164
65543
83620
95015
255471
93619
79234
94940
78433
94940
71158
79244
83824
79462
71945
78994
78439
79329
70655
71438
95217
96694
71090
93716
93877
94503
79279
95208
79762
78546
100356
89064
62408
70199
88964
74365
89246
88988
100711
62755
100922
94928
94548
78398
79529
78302
95184
101198
101418
78716
83640
79242
79672
70754
94676
94714
82784
79416
83485
83086
118082
94614
78360
84231
75482
95282
95195
84197
84109
74562
63847
80051
95189
89582
79468
78921
108717
64567
87881
109847
87973
82301
83777
79742
74202
79320
78086
84299
79206
66612
83974
93764
68585
83377
78436
100699
83852
75162
78295
79124
78429
71193
71401
116954
82778
78956
75673
95388
253904
79351
100787
95554
80037
83569
84076
80427
67215
79618
79738
88800
87487
74690
133612
88427
79142
109223
74312
83479
95166
68487
71849
95294
88667
100524
79196
89437
68320
94056
84859
94200
93739
95037
93889
95165
88951
71758
79324
93836
83261
83001
79053
74998
88201
82819
68058
62853
71354
75525
84178
94971
79072
79155
95433
79281
108840
109999
89014
108534
89254
89373
77974
89028
95171
76806
84133
75588
254732
95051
83904
83964
84237
94807
78918
94707
65056
95112
79082
78210
71552
79187
82920
119843
68091
110000
93698
77926
93577
79017
94108
79803
95051
82679
77821
83777
94588
79517
83593
74540
108290
78226
94337
89029
95543
95631
79716
95276
79714
70554
88098
95362
67887
78067
78379
255708
95217
95287
78849
72092
95033
83803
82293
78170
82661
83957
62917
93738
118524
75704
75213
94143
94357
78173
84128
95071
74352
83052
71099
94856
79000
79063
79554
79043
78692
94931
88015
88878
80306
110117
94864
95327
70385
68123
67493
82841
78377
79738
65201
83050
78200
83691
83936
98506
77797
101725
79244
101065
79717
68640
254647
87889
65712
383991
101879
94222
79868
79494
93963
89022
94797
79347
79720
79450
79234
85076
68547
65387
143499
89176
89073
94923
75595
94888
95128
78679
71916
78474
79209
64566
65439
66775
93571
84370
105133
77054
95150
57855
94078
79534
80165
79532
101541
68559
78859
101670
79180
78017
95396
83686
79017
94944
60001
78948
255629
85548
94822
78956
89011
78276
87863
78739
88447
109647
109211
75055
107968
84023
70659
93432
83197
64176
94210
88905
82665
88727
94551
94975
93950
94113
79337
83919
79267
78997
78751
84391
79049
82726
83897
87930
83644
68762
78627
100718
94632
84902
79055
254631
77765
87089
144110
79607
79421
94548
88934
87643
108852
74980
95140
94779
78592
64915
78217
83741
79292
88572
67032
79167
94187
93605
78479
78934
82897
79281
100204
75706
75817
82651
51581
78052
118949
93307
79533
71321
78005
79434
100329
95038
102005
93750
78886
84383
68377
83432
100850
95002
88005
88532
78257
95270
108457
94479
73355
254763
95132
84051
88343
88597
67374
79564
71799
131240
78124
74393
74161
78226
67232
89289
93444
78610
95122
94447
83509
81975
82816
78578
79752
101378
83687
78183
79626
100568
65438
93777
84987
94228
77965
94644
78471
68800
79150
73731
87963
94726
88983
93392
93319
256144
78892
93666
82987
94734
83781
79093
95134
83545
94652
101969
94545
71198
94710
100560
71376
71744
71677
67599
93703
99033
78714
79298
83849
79604
93988
101833
79091
62735
83567
71835
61473
94914
79588
79452
79315
93730
88663
108431
89110
93787
79652
78748
84071
93828
94217
94317
75952
94591
95147
101929
94562
95586
79219
71569
93623
73008
94878
83949
82551
79261
102293
83816
93824
71722
93835
94374
79378
79442
78789
89341
70708
82647
94128
64447
89139
106953
79328
84401
83720
87674
65497
143108
70397
100850
95416
95318
84001
78121
68073
94070
78334
94871
66132
94521
94683
101512
83439
68134
84143
93807
83212
83808
79312
78367
79627
70868
79236
94370
80088
78624
78030
59378
95254
79364
118115
94569
94313
93679
78013
83951
109742
75273
88602
64818
80777
74336
77876
71014
63353
82674
84127
83986
83278
74487
257365
79098
75038
79497
71365
78714
94840
78711
94728
95469
72655
70495
79337
100884
73899
94003
75335
79680
256508
93829
89077
65377
95254
92458
78977
79560
78865
64750
94501
117447
108384
93082
78675
87447
66895
83873
79122
83836
79049
95675
65412
102360
93710
94377
82967
100687
109296
101357
78371
93413
94050
94687
68545
100873
83768
87480
95042
82659
79426
255472
78513
128202
78435
78056
72191
79042
83867
83918
79138
94093
95600
78764
108218
110245
109130
110527
88261
117678
93390
61866
94004
78781
65083
94796
79285
63042
94696
78190
68935
78035
73894
95136
102275
85357
84274
79290
94263
71888
79359
74746
83389
82823
94578
119365
88279
70534
94815
61749
256779
84182
94219
67945
100777
108523
83901
83072
88973
255588
87859
95536
82612
59913
94882
94716
79025
101789
71366
95236
78763
93708
95288
99849
75104
82846
74831
68061
100746
79427
78410
78775
78601
73639
95315
79320
79241
94292
79185
213729
64446
93294
67288
68204
71950
94065
95125
79430
79398
118160
110018
89170
88738
84218
78936
254851
75454
75940
79192
74978
71465
82462
78140
79649
101944
84123
79468
79376
65455
83754
83129
67716
68647
94274
68782
94968
78846
70914
78540
102145
95109
76729
79268
106236
79134
255980
78513
78087
101870
79562
78727
83503
64082
109227
78761
108756
78971
84280
95244
94677
78367
88725
79025
94474
94516
92940
73885
93921
93781
93877
78250
82847
94076
101704
78857
101044
79210
61378
64692
76051
95109
78438
95212
71427
83875
79508
82717
83934
82714
78833
214120
60421
83112
68593
94462
88938
87692
89204
88115
78349
107392
94947
65849
94563
93944
119149
103776
95172
79336
79827
83731
83735
83984
83080
79130
83508
79476
78486
74043
110374
77974
83157
78383
254689
88128
78253
92632
69581
74137
88559
64484
67603
83518
70927
89358
67698
93867
71790
145129
109819
79174
255139
70676
95076
62899
97054
75803
78692
93350
62808
79407
78472
70851
80149
69731
78400
83804
68098
83747
79739
82653
95068
79976
82977
75599
94713
101411
70830
79784
82400
78890
62652
82819
94909
64509
79515
68291
88657
118684
84243
93955
69439
79932
79351
74765
95173
75194
118268
84294
77815
79648
82894
94038
95182
95137
102648
83736
70278
79391
65690
78553
71681
78644
83159
84387
79559
95006
64802
116908
93932
79103
78420
88530
74919
256650
75057
87721
109655
78399
61416
67283
82756
65318
84035
79160
101663
96961
93752
94987
101110
79685
79334
119870
84006
95183
84812
94505
102249
254659
77880
95244
79414
256654
100611
71416
94710
79530
95066
83094
70674
71752
108803
113893
89078
78875
109685
93346
88783
74456
87937
70710
79200
100927
78317
94534
78809
83065
94884
83175
79157
67799
65412
79453
83877
79505
79382
70656
78990
74616
95373
72008
79642
78612
94973
93991
83903
94720
79368
79187
89823
93787
116800
110383
88399
74615
79259
93860
102187
119172
78383
68769
88929
93876
119894
79576
82983
94082
84803
109387
71726
102178
79281
93620
87993
78360
78743
108113
79499
78117
74344
79258
62575
84032
101829
79035
82957
83916
255070
93935
89378
88779
87790
88224
100784
95043
95064
95998
94797
95167
84090
94054
93916
84308
93989
70605
62247
82523
83816
79205
131391
79584
84647
82925
78720
67572
95131
82293
176621
72109
93652
83403
82793
275599
101192
95438
79173
68359
78255
89080
108906
109666
87467
109080
79472
94895
78474
78972
94694
94703
89098
95178
65116
79685
74361
100063
102220
115856
78451
95162
95639
94139
84103
94787
82394
79901
93619
78720
82931
94346
82865
94918
95321
94949
78565
79478
95329
68414
109916
116908
110543
79545
89280
79550
78649
78155
109007
95130
74104
109650
79490
120199
79469
95189
94750
87620
78576
98066
101064
118260
83230
118238
76109
94953
78219
94347
79206
95440
84373
79436
95258
82321
75432
109407
79694
94688
78609
94071
89388
83765
109186
109883
88998
79475
78763
84224
48768
95157
93553
78330
78028
75244
80044
87798
102380
88904
79246
80093
102057
83914
78079
95329
95222
95034
77579
78324
89132
93552
127775
78415
94909
88177
79592
108673
75288
70989
100514
74992
109620
89212
108621
78651
111583
78310
79163
68384
94753
70896
79513
74313
79282
85038
73875
94853
70856
95260
78503
84380
83849
75210
64479
65015
78485
101950
72220
68195
93225
78192
64891
65404
93941
78483
94681
71647
88537
83423
82980
74992
87996
110377
65669
75956
109675
94901
93916
63163
79395
94993
94754
95447
94208
71510
95031
94188
70638
75396
79293
70816
72254
95330
93724
89249
119331
75626
75386
79180
78314
78865
93652
84107
84006
93467
61862
79594
78524
94920
254114
118526
110075
88685
64587
89102
94904
94790
79624
78259
101372
84028
79166
94738
94585
94066
82585
75086
82665
79452
68255
68192
79210
88107
101558
255680
95357
94211
79394
101860
71974
64751
101032
84285
75075
82888
108959
93407
84234
63175
100677
93163
110217
68156
143573
75017
79307
78718
78696
79391
79210
99711
78380
78535
95124
93866
68965
84222
84231
88768
95476
71670
78575
94116
94901
83124
75062
95188
101551
71456
83960
78351
79795
83628
79330
101352
89520
78573
89177
78654
83672
84510
111281
75905
143955
108304
108618
68548
78807
95324
71633
94213
71972
71378
75249
109919
74420
61888
88864
93930
79457
89572
95421
93916
110237
64850
75580
74902
95602
67856
102535
97231
78142
94119
78941
88197
101747
79321
95249
61423
79688
84629
94487
78272
67680
89348
108327
89349
94204
94985
79791
88110
94756
83275
83413
84631
94348
101487
95508
77739
88386
83883
102129
79594
74267
84591
78538
95295
74535
78472
78748
84207
95217
82414
95060
256972
79439
94861
78454
75511
94262
102342
79235
64797
109721
108794
89549
74837
78985
78523
95664
83480
93703
94138
78234
93874
79441
94570
102079
79349
85040
83915
79367
79721
72090
71532
95073
67577
78892
99492
74738
78205
80167
75070
67523
94625
95580
78430
95021
84219
79816
74432
67364
89732
79793
255432
74771
108670
89302
109404
71426
83346
79075
95454
94855
89032
95104
109166
75557
79776
87900
119022
94725
83530
94993
62976
82370
101844
61828
83728
84247
94891
78583
95141
61544
93385
78932
78398
75303
83776
93464
78108
75224
95474
67331
93621
110239
110147
74203
68073
79623
255226
93811
68361
94297
73902
84110
94810
95180
100397
70608
65556
94492
95061
65264
118721
94691
95932
75484
79600
94960
94313
83204
118995
95337
83841
101329
79623
94990
94185
78526
75447
64572
78809
95080
117845
74634
94935
87194
108337
79379
109586
94305
95387
77995
93735
78289
84143
78859
95158
67985
93856
83829
83716
64910
87402
102376
100825
74316
62756
78456
95236
79302
82476
83810
82822
94988
67998
78110
61958
101687
83433
82872
94828
68491
94224
78570
79137
108816
110211
93276
109785
74047
88909
78369
79864
78840
95633
101560
68609
64444
82385
84556
95983
83559
83201
101492
78591
71127
94911
100315
83362
83098
87564
83450
84783
78394
77921
93959
118846
95017
74043
83813
95135
101436
93479
79025
79382
82678
255120
94395
108507
108366
89057
71960
83326
68195
79687
77765
100780
118194
86185
83925
83825
95744
101680
71233
101276
118760
93448
85273
79655
95153
79499
75682
79487
118617
79305
78728
94258
84209
78696
79393
68954
94680
59483
79139
94627
95005
84306
95221
78639
254176
75795
64835
79695
117922
93227
79397
93734
79660
82646
83386
83820
79304
67318
94783
95360
79738
101608
79967
95333
80104
82653
93977
77994
94899
83858
83555
70756
113857
78277
85087
79335
94297
71547
94926
93578
94704
99727
82640
79279
82727
89175
89425
75213
70631
78733
94510
94954
48727
101235
95443
78988
65185
102111
70842
83440
102637
65655
79481
75443
93918
94148
117749
49230
93916
121889
79611
83266
78466
71584
78141
95030
78553
78457
79663
94662
67740
77821
83088
78438
64504
109171
277836
64417
255555
87843
78881
95002
78593
79544
79431
79566
93880
83810
83593
101437
75426
84352
78733
68722
84228
101079
82869
78168
78793
89575
110045
79527
84853
94533
101471
79437
71600
102039
71601
101630
89245
83290
95000
94654
83449
75198
62192
82883
95239
67229
94767
142375
95208
94003
84225
82706
71718
78839
73520
70468
95015
82629
100362
78114
95215
94291
109469
83018
102251
79276
78749
79415
79340
88550
93927
62641
91832
82684
93613
64403
94377
79409
78421
83393
95037
94294
82560
83072
89315
78432
88036
70714
88166
79497
93682
79131
71952
94724
79727
78980
68795
102285
94013
62629
78944
87767
94943
93274
143394
95100
72660
99669
75569
75069
79957
255353
83718
100867
78189
78306
95034
95433
68590
83472
78332
83224
94755
95200
94846
88303
87918
110168
68528
100119
83464
109857
119723
71891
95518
83021
78679
70541
74698
75409
77584
95049
85346
77900
84250
102182
82873
79373
70859
65642
78692
67429
72003
78251
95418
100655
79483
77730
83507
95256
83900
71615
82856
77906
83112
75299
88994
64377
109941
143211
108829
62332
102003
95029
68054
94707
68594
79812
84338
74055
83263
79051
93699
78780
71599
79315
95105
78882
64882
67501
78981
94865
83979
87520
94030
71557
94064
78129
67686
77637
78737
82969
78672
78192
83258
109231
79508
94291
102033
88117
110009
75495
63057
94110
102358
66047
74316
84016
78608
78193
83441
93934
70679
71296
70977
71060
101773
95070
95672
68567
95003
95255
78350
83219
79529
78416
84255
94981
78524
70756
102454
77786
67824
118479
93947
93763
78467
82847
95721
71385
94679
109827
110294
108719
71868
95048
94119
79646
102843
78132
83727
118051
93667
64764
94033
94924
83913
78457
88643
82385
66030
65219
78540
95136
79047
78683
79026
88647
95414
83068
79766
83896
83135
79238
84101
257770
108332
74990
79685
79499
84225
75384
144384
108597
89036
102258
78424
68628
78019
71588
94368
82680
83293
83989
118272
89050
94494
79242
93542
71945
75528
78574
106219
94585
118054
101726
77949
93369
94810
84050
95341
94806
101973
118930
79241
78381
67379
78843
94657
82528
95443
62720
67782
102307
109966
88420
67959
108742
87839
93069
78793
70302
118127
93671
78192
93811
83645
95426
84134
79365
82855
94605
83532
83962
82686
67566
79338
79489
85043
79748
79574
79443
78683
102120
78350
88523
91246
83553
82930
94586
77925
80140
83404
62340
308992
153240
109448
108461
89507
94923
88059
78464
71834
77898
84194
88715
86990
79276
254436
65521
88695
101527
78576
79342
71960
95699
71107
61869
95216
100104
88565
79389
63481
62788
75863
95077
71132
82579
83368
95319
101325
84132
78240
94830
79057
94985
83164
109701
93618
88079
109916
154944
80341
79458
77765
94578
84260
52708
89701
95143
79494
94831
93950
70197
78104
101247
84687
71538
75414
151844
71681
75748
79558
94756
93901
254687
82646
82989
255342
79151
79426
94508
100521
82888
83864
78650
62721
94725
95364
68269
75966
93912
95904
68476
142776
108455
83535
95055
67187
67844
71864
65215
79821
68420
78816
89464
101774
83696
68375
74850
83818
79562
79233
62968
89249
83591
94101
83909
101879
74715
95589
78518
78478
78723
95440
79547
79077
94567
94990
75024
95519
79179
83913
83891
93561
108411
109898
79522
95368
79113
89386
91060
95901
71726
81329
94720
78200
93855
93886
82433
71166
94939
95112
74401
78635
100468
78225
67892
102637
83026
78188
79815
95208
79331
95187
95590
95025
94932
78988
60226
102289
101514
84215
94569
83172
78715
75577
94881
102461
88261
88672
68288
89185
77507
71188
94605
70713
94159
95356
80003
83190
79518
118407
94480
78410
83508
94900
84390
79268
79579
127825
78677
103140
84136
93709
65242
84534
94138
87846
75481
84599
78327
94010
95031
94723
94828
95186
254439
93566
79566
68720
88635
88993
108930
108637
78077
95192
79787
75107
83181
85207
75457
84245
78489
119030
83480
95424
70965
71988
79691
95419
18446744072709617053
79439
75464
75474
79415
79773
88966
94609
255399
94622
79159
75391
106886
95206
71070
93720
67600
79212
83126
67576
79425
83953
74918
93808
108784
89058
94953
88999
67754
77638
93664
83581
101855
78790
101943
67527
100936
84190
102008
68325
70638
94838
83656
62826
70981
82992
84063
79547
78115
52113
79410
79239
93633
83544
95247
78541
74217
65239
78739
72007
84017
79253
75640
51592
102011
95138
78582
88424
108680
102342
143411
83830
70494
94809
92076
102374
75078
78252
83457
83756
74545
77930
74602
95372
95164
78417
155145
79300
79562
79540
75114
94457
83828
102140
95332
118719
84067
75788
88850
118100
94018
83922
94212
79060
111233
72526
89073
95210
95582
95113
74525
78114
87716
77818
95145
75634
79376
79846
79612
71633
83961
62108
89300
78455
95212
78779
94446
82727
94502
95206
84162
75225
79398
79745
68175
82629
79374
79908
101100
84570
101130
101456
78633
79268
65868
88936
94652
94538
79257
75376
89114
67317
109979
89026
89517
79611
83125
78145
87519
79314
87998
79362
95025
68631
83288
94812
78141
78628
95218
94259
82810
67638
82708
64331
83808
94974
62691
71742
88722
95403
79607
254759
118116
83006
94458
78555
79153
79099
68871
80180
95024
94055
88986
74484
88872
87986
95685
95130
109796
75459
255301
79370
79406
79674
79514
82662
78014
83653
72078
79797
93774
79378
95201
94102
78198
67354
68257
94879
101801
94957
100736
79686
83609
75813
101877
78380
79088
74944
93392
83520
93777
71939
89460
88895
63100
95164
89428
89541
78246
111244
77953
78545
68304
84226
79869
88903
79391
64809
83238
95596
102267
95294
68015
79127
94443
89041
70450
94519
79174
89071
79409
95145
84084
79030
95283
83076
93903
62806
79369
94098
83863
84019
84227
83662
119061
71873
78054
96034
94527
146384
143436
64814
108710
94684
87663
89235
75511
84337
84131
74542
93704
95286
75677
74807
119491
75328
71674
95181
93943
68399
95273
70924
80052
93597
89822
83987
102005
79117
82474
101642
101058
74192
95868
83624
84114
83929
94862
67964
83934
78386
109947
79611
108173
109839
88286
85644
79454
94977
95085
94158
84184
85537
78433
83122
83957
79346
254101
68034
106145
75240
78410
78068
71092
94912
83959
94854
95172
78514
64923
78519
71744
100794
78251
94125
84468
101589
79174
101987
109256
83950
93676
119847
89174
109727
79537
109218
136711
65420
83021
83805
91835
78872
78368
88841
93934
94950
95364
78854
78082
93764
93835
93897
77832
94006
65788
84230
84072
73934
79402
61865
93884
119826
71788
95001
101986
78362
95530
75888
94998
78285
94667
78049
95408
79490
129889
109928
94891
109998
75486
95135
79516
95175
60251
78799
74644
75463
71800
68551
84122
75153
84042
71594
70940
65742
83670
68612
67809
94965
117335
95102
78497
94456
78606
83891
78613
94653
71550
95321
95136
94154
95224
67845
79762
78499
84047
118558
94479
84038
89691
108048
89201
88016
101250
64618
60057
70625
100341
93873
74180
94880
83820
81945
94412
93943
110347
78533
94918
101635
79036
93907
79316
93462
75215
94361
94366
83564
83559
101710
95076
79152
94025
94616
67886
95048
67671
71473
117578
95153
93811
109652
256242
88699
95235
68381
94921
101410
79666
70191
93506
95251
94719
82563
83754
83520
78356
102725
95186
102058
74678
94970
68625
93978
77733
101528
82597
93857
83320
93933
79273
84967
95415
95312
139491
93556
78414
83582
79451
78605
62333
79704
