17033
8684
9189
9467
22976
11003
10129
13513
10837
14194
11928
9293
10989
11566
7684
9218
10811
11289
18386
11117
9785
11101
10958
11341
8376
22674
9585
10501
10937
10804
13132
10649
10619
11128
7133
9581
10822
11104
9060
7887
8674
9947
7602
11169
13008
11327
27757
11089
8949
9355
8379
12840
13841
8966
13676
11074
8995
9057
11201
8692
11080
7858
9847
11066
7826
8170
11084
22815
10421
11558
9036
8127
30156
11219
10609
8594
12290
6409
11453
8076
8899
9510
10290
9609
7505
11355
10595
9387
22437
7611
9860
8705
11431
14139
11375
6890
9147
13008
14008
7447
10133
9011
9601
9653
9209
8934
8411
7241
7602
22943
8837
8049
9233
11535
187895
7965
12974
10353
6714
6898
9301
11180
27909
11043
11438
11563
9436
11699
9995
9767
22469
10661
11202
9305
11148
11222
9153
92252
11761
9478
10870
9162
6872
9694
8648
9553
9475
10827
11073
14139
8947
10728
8257
11269
8514
10223
8258
8046
10216
9173
11663
10395
10461
12754
12900
16470
11180
11268
11209
11377
10457
8524
22444
9168
11002
9093
10696
11828
11546
11039
10824
11016
8488
12471
8895
9377
9524
7309
7984
12412
11287
28920
7851
8862
10937
11520
9294
28161
14539
9482
8360
9274
11872
11390
33786
10857
16544
11038
12520
10810
10019
9100
11283
12125
11763
18636
11255
13632
10949
12168
11589
12417
22487
9154
11022
10137
30198
10097
8050
10329
9995
9264
11141
9491
12584
7238
10982
85460
10457
9424
9659
8265
9135
11602
8970
12309
11878
10167
22556
9417
9863
9434
13878
10819
10428
7096
12459
10474
28643
9473
8626
9876
12045
11065
9478
11296
10565
12960
9352
10791
13628
10146
13883
22696
9629
206885
9149
7462
11237
9010
11763
11280
9910
9976
9153
7743
12154
11878
11886
6406
11590
11072
11002
8486
10974
8966
9389
16655
22660
10413
9110
10938
10009
8644
200585
9949
7792
10158
10871
9272
9095
10863
10362
11497
11556
9150
10655
11847
11238
10349
10487
9490
10195
22608
9301
11975
11339
23825
9588
11684
9349
9187
9217
10334
8315
9891
9972
7704
9805
12164
9313
10557
13843
12523
10425
10489
7954
9027
22805
9123
13826
13839
8785
11436
9240
9496
11424
13614
10413
9271
11202
11807
11027
9822
9234
11062
14192
9321
11229
9925
11326
13677
11443
22841
8216
13305
7967
8315
10831
9034
12088
9525
9044
10742
9132
9416
9821
13167
7406
35164
10441
12706
8512
11332
11634
8280
13570
11482
22638
10110
11709
9731
13302
8318
11936
10407
10849
10379
10065
9085
9377
9560
7789
11778
11012
9377
11549
10138
14116
9423
9217
14305
8957
11678
10941
11360
9699
11084
11588
22310
13037
9858
8097
12606
13009
7533
7558
7507
8928
9916
7169
9887
10088
11243
9919
7347
8666
11350
11140
14161
7692
7513
11578
11485
10633
11075
12540
9744
13294
8385
22596
6973
9523
14726
9448
93621
10113
57569
10167
9790
7365
9284
10306
11167
9066
7244
23304
10648
12663
15117
10809
8475
9862
11437
6543
11793
9843
9334
7537
11486
11247
22560
9322
13608
12764
7094
9632
8986
11485
11173
11390
10971
8246
8951
9845
9609
11249
8446
6906
9541
12133
14092
11827
10322
11401
8823
11561
9845
8828
13623
8636
16678
8366
22843
8982
9656
9316
9006
9469
11238
8820
11727
11298
11954
12128
11615
9661
13536
11491
7811
9902
7506
27103
8416
11123
10011
10476
7623
10815
11099
10254
11398
9561
9448
22616
10584
10616
12230
20436
11598
13823
8787
11200
13049
10183
13463
10233
10324
13319
10735
9667
7898
13997
10409
13993
7957
9517
15263
8899
11202
7847
11177
9059
9021
9601
23079
9412
7698
11551
9331
13879
10663
8910
9309
8210
11084
8287
10456
11119
11068
13263
9250
11271
11285
9164
10740
9000
13554
23689
12849
9274
10920
10546
13806
13848
12040
22029
9958
11399
9093
10857
9519
6267
7228
13625
10988
10645
11287
9331
14702
10590
11479
9144
9557
9570
10764
10026
10577
10930
8361
9469
8186
9111
11421
9733
10403
11066
11639
15482
10010
22827
8447
10090
29726
12347
9039
11417
10886
11562
8071
13894
8538
11158
13089
13696
11518
11544
7984
8172
5284
10159
9256
9213
11750
9608
10788
11300
9383
8932
11070
11154
7150
14364
12092
22700
10136
11647
7573
14028
13913
9528
11251
10456
11409
23213
10076
12821
13293
12577
13054
9056
13482
7146
13832
11713
8092
7935
11417
9938
11443
9607
11007
12481
11210
7942
15142
13848
7814
22834
7945
8497
10914
10933
6849
6544
8629
10503
7800
13718
11923
8920
8363
10002
10321
11557
9652
10998
11093
9592
12452
29567
8389
8415
8955
13215
9306
9291
11548
10087
9231
9482
8663
22972
7955
11360
11017
9754
11357
8840
11384
9929
8011
10412
12172
32087
11030
11228
11497
14026
9132
11194
8965
55079
15691
10293
9493
7458
11289
8970
11296
9760
9404
12345
11543
24103
13452
23013
13096
10456
8748
11517
11119
9792
9940
8665
8970
76396
11219
9884
9997
9486
11651
10866
9394
14037
6440
12302
11232
12295
13842
11803
6552
51524
9044
8621
11204
8490
10034
9442
9395
22656
11035
10432
9622
13825
10303
9104
12101
11920
12700
13614
10222
9366
8702
9580
11443
16283
23292
10795
28676
9311
6539
8959
9014
10902
9314
9287
11179
9147
9793
11090
10948
9061
11850
22709
28913
8204
7663
12217
10917
9058
10977
7921
9888
29802
11719
11484
9488
7298
8599
11198
11290
10900
11723
10411
9274
11604
9966
10410
9420
8445
9688
11248
13303
11503
11449
8899
13708
22783
9001
8127
8443
6993
8355
7705
9305
11030
11947
11669
9866
8729
12030
8307
8229
9343
9904
9650
22748
9192
8504
12124
12898
9984
13928
9035
9248
12679
9081
12342
10278
10186
8637
8592
12234
11374
10187
22842
51696
8964
11855
11167
9349
11343
9508
9585
10849
9318
10835
11396
9375
8999
6715
9137
9536
10969
22434
6454
11570
9590
11368
8387
11832
9619
10370
9133
9655
9811
11624
7680
11982
9492
13620
12785
12985
22366
13021
10984
16677
8584
15281
11257
7753
11221
9081
11511
11358
10357
12127
13782
11125
7697
11591
10399
22654
11297
11642
8449
11028
12076
11197
11136
11910
9970
10626
7739
8599
11061
11012
11025
9259
11819
10020
22367
7181
8205
9093
11456
11059
7412
10312
8584
14040
15915
23456
7921
8669
10043
9820
9377
10151
9768
22986
97073
9566
11000
28704
8246
9541
12401
9814
29111
9062
9008
10177
9344
11647
11410
11128
10732
8178
22013
10111
9132
13565
11600
9409
10201
9905
11654
10199
7522
13906
12970
10443
12513
9002
11085
9143
11844
22492
9137
9411
8236
100718
9505
7784
10897
99928
10967
9967
9241
12360
8719
9858
11668
9307
6666
11088
22687
9170
9452
11254
7813
7785
11265
11686
8342
11419
11029
11959
9566
11203
9810
13962
11294
10081
8416
22709
10941
12949
16938
10382
11159
9161
12586
11327
9558
9934
10717
9622
7462
11545
7784
13615
9380
11093
8597
8606
22812
11372
10201
9531
11512
11371
11246
9311
9014
13754
10697
8983
10165
9430
10327
12276
8518
9204
12596
11074
7636
22413
9556
9680
9282
8633
9120
12213
11846
11235
11402
11004
12194
9926
14669
13731
7549
8156
11236
10673
11824
8735
22248
8747
9666
11192
9582
9239
7675
9654
9246
10036
11959
9775
13601
7623
11290
10152
11004
11777
11068
12455
9676
22088
10987
9634
11258
9206
10627
12834
8087
12147
10674
12500
9277
11478
9668
10315
7089
10855
9859
9156
9294
11532
22441
11603
10267
9491
6596
10902
8152
13452
11770
8035
9414
7625
6162
10083
8831
11035
11377
9806
10962
11034
9005
22268
9536
7461
12785
10931
7374
14373
13117
8994
10274
10202
9391
8195
13598
7943
11255
10278
11414
10899
9253
11122
22455
10867
10595
11378
8414
11218
11694
9737
11225
10741
8938
14724
12024
10001
11160
7510
12913
9511
28854
9233
28365
22476
8210
14076
9671
9369
10995
12841
11576
11176
7793
8986
10208
10349
10501
12575
13672
7161
8430
18823
9187
13443
22467
8757
11483
8454
8514
11782
15938
10223
10511
52083
10627
9839
8260
11723
11679
11983
7985
10122
23651
12363
9433
22862
8000
14111
9758
10786
8914
10019
9858
9076
13527
13766
11937
10719
13218
11240
16816
8620
7836
12353
10160
14159
22742
10773
10525
12207
9192
11612
7877
9770
209572
9479
9062
11250
9871
9763
60535
13720
11081
8035
9911
12314
8120
42592
10366
8615
8023
10278
9058
22744
13861
9943
9560
9725
10219
9363
9731
10984
9798
8942
11138
10792
11578
8757
10092
9022
11822
10476
9365
13671
8851
9124
8858
11723
11194
11267
22651
8701
9826
12361
10851
11852
13767
12427
10559
12277
9974
9425
8044
10105
11828
8837
12382
13554
9931
11883
9337
10983
10417
9023
10299
10180
11043
22743
13064
8667
9677
13128
7649
11734
11663
9241
11464
8000
9647
9085
10716
11561
9536
10065
9659
14488
9451
11589
11204
11384
10982
9443
9152
9081
22627
8749
8137
9403
11242
59414
10993
10219
8968
9879
8162
14423
9520
11126
7927
8469
13325
8822
12743
10896
9648
10873
9403
11540
9121
13663
11303
22526
11152
10747
11340
7813
9091
11431
10935
40531
8564
13371
8992
9225
9392
10965
8128
10688
9851
11289
11955
13565
9319
28544
9115
9154
9748
7665
22889
11705
8766
8417
11538
13829
10593
16533
10049
10608
16794
7717
8898
10938
7956
11772
7726
9409
9088
9442
9019
14615
11079
11059
8498
10735
11072
22498
11976
9644
9308
8266
11437
8360
9095
8601
10226
9611
11344
10284
11128
8989
11355
24202
10826
8087
11502
7239
10479
8655
8947
13285
9708
11109
21900
9061
9367
13578
62963
10963
11926
10607
9097
9942
12602
10855
14400
11408
83236
7750
11101
24045
8704
9488
10119
9271
11057
9177
11360
11285
10065
9078
13783
11131
9226
11108
9425
13527
9576
10551
13566
22713
7648
12098
11371
11645
8111
12369
9338
101945
11183
232946
8817
9162
11643
9421
11956
11635
10910
13689
10873
9399
13554
7980
7937
11316
11472
8266
14440
9144
11123
10920
11046
10509
8586
9899
9393
9415
22455
7861
10891
10026
6536
10620
7887
10853
9063
9043
9232
11480
13151
7819
9359
11043
9424
11388
9724
11051
11307
9102
14072
8602
12210
11322
11438
10885
11500
12257
9258
9281
11113
9544
9031
30079
11364
22193
11278
15389
11201
11158
9838
13026
10113
10410
10796
9178
14000
11245
11313
10829
11234
9646
10708
10360
8784
11373
9008
146325
9356
12329
11476
14265
11842
9050
13951
11205
10223
11063
11096
12449
11011
8996
22477
11128
9501
10367
6730
6761
11159
11594
16295
11400
9946
11613
10496
8679
16606
11792
46880
9519
10073
14085
11265
10322
10899
9256
11537
6317
9833
7658
9905
7793
11671
11357
11821
11614
9442
12220
12309
23062
28479
12101
10971
7959
11596
9287
10896
8864
8167
11438
14003
11191
10838
11697
8427
9225
12789
13732
9149
10368
9458
8324
10250
9450
9102
11294
10582
11211
8259
11321
9896
10807
11178
14007
8813
10181
22627
9476
7700
13608
9914
10622
9462
11646
13812
9023
7474
11471
9319
11483
9899
10411
11364
9374
12854
11752
11223
11182
12124
9663
10607
8848
8091
11647
28803
6575
11788
9173
9220
10907
10198
9758
9329
23075
8241
8451
9101
8733
8690
12806
10934
9963
9802
13753
11253
11631
11124
10402
9281
11429
11709
11480
7642
15443
7085
24193
7213
10688
13590
7581
10446
13113
10827
10075
11469
8347
11180
22599
11037
9532
7736
14239
9464
8202
13911
8033
9708
7363
11442
11394
7073
9309
8247
8437
8944
10266
8254
11400
9731
14053
13551
11149
9084
11165
8669
9133
9107
11412
8084
8491
11863
22825
8129
13676
11005
11155
11566
9740
16258
8583
10345
9982
11232
11294
87602
12237
11843
9221
15469
9163
8571
23811
11418
8651
11273
7518
9216
7617
13095
8747
14932
9089
9401
11098
8441
22862
10926
11024
14010
9815
13513
9364
10414
13347
8627
11759
10536
11114
11334
10063
12283
9886
14088
8569
9739
7740
11045
6838
10212
11199
11488
15367
9251
11486
9886
12029
13783
11318
10209
22994
9908
10050
9378
11213
7871
9449
10928
10912
8901
9750
13448
8639
9149
9401
10890
10518
13045
8601
8539
11743
13851
8501
9582
11513
11033
10411
89443
8644
11557
9923
12472
9447
13831
5906
9205
9334
6561
11412
13413
11157
7895
6879
14859
12238
8384
11059
11268
9542
23707
14276
13359
11219
9597
9864
200710
7945
13573
11285
12128
9325
9051
8632
7191
12670
7407
10139
9178
22496
11292
9504
7134
11286
9157
13792
49322
9523
9301
13551
9613
9375
11308
11517
10070
13538
9044
7985
9174
9440
11119
8692
8200
9603
7814
11076
9905
11497
11218
11240
8182
10265
9286
22231
8394
10190
8156
12805
11174
16321
11476
10973
8371
10980
6605
7660
10892
9317
9233
13839
11084
9308
8160
9876
7039
10527
11232
9529
9179
10832
10006
11569
11224
10148
9366
8648
23251
9432
11473
11273
11254
9542
13620
13767
9829
11328
10248
13793
8993
7718
12657
10442
8806
9691
11447
11734
11253
13901
10536
10101
9637
11718
10965
9604
8080
11544
11474
9655
11198
22255
9563
11314
11304
13804
11046
11254
7950
13547
11254
8798
9661
10874
11362
9785
10680
7742
12542
8228
10875
11063
10358
13450
11031
13380
8615
11016
10984
11333
8858
9280
11441
9202
22638
11591
9016
9143
11796
9487
9446
8533
12254
12957
11719
11052
9166
9144
9940
70069
29397
11389
7861
8639
12255
8823
12052
9201
8348
8895
11453
11296
9187
9244
11448
23982
10298
22707
9112
11003
9864
8636
13511
14096
11255
11362
15045
9131
10684
8108
9792
7929
8834
8596
7867
9848
10007
11219
105187
10087
9064
8932
8776
9100
12792
11229
11502
8603
9761
8228
22958
11221
13715
11917
7385
8330
9546
6761
13223
9245
10278
10446
8538
8292
10182
13586
10560
12805
9347
44082
7774
13014
9659
10157
11062
7655
7903
8496
6782
13617
12844
9335
11448
22826
8227
11319
10025
8779
11222
12029
7061
10817
9837
8420
15271
13847
10942
7928
9716
10961
11024
9151
22528
29171
10042
10820
9921
14167
8138
9502
11439
10625
9487
12256
9008
8224
7921
12289
6748
7653
10348
22445
8815
13803
9415
11320
11098
13502
11425
13749
8844
9134
8788
14077
13859
14711
11439
12477
9309
9712
23055
11696
11288
14078
8285
11494
9215
13669
13858
12710
8127
7186
10350
9827
11416
6782
11133
7613
9345
22586
11598
9521
9013
9209
9298
8043
10194
8730
8810
9537
9707
9860
9567
9465
11156
11134
9701
8867
22428
10991
14314
11223
9925
6738
8349
11405
11334
10297
11107
10980
8018
10696
9228
8764
8976
11379
10898
22185
10840
57337
11398
11390
9265
7304
11153
9610
7363
18636
8450
8976
8840
9623
8474
43332
11693
10867
22499
11154
10903
8239
8845
40579
11227
7533
13983
9693
9456
11648
9495
10373
11062
7578
10977
12252
28395
23246
13428
15362
11102
10536
8714
9235
11574
9444
10378
9734
11071
10182
9578
8591
8485
9594
13940
8980
22103
9768
10130
97714
8344
9433
9336
11201
11042
9628
9444
9472
9010
9841
8221
9630
9476
9672
24804
22864
9782
11154
14363
13861
11193
8203
12697
13620
10340
10970
9493
9821
12035
11417
8269
13544
9391
10043
22307
11005
10263
13783
10413
9490
9832
9256
8289
9816
8921
10800
10180
12251
9499
8468
9427
11508
9628
22086
7128
12745
10972
11433
8083
11489
13497
11280
11226
11785
8721
10141
10244
10329
9084
13460
13500
11531
9780
10160
13241
9524
12123
9506
8659
10954
10079
13397
9864
9648
11396
11409
9431
9429
22901
7980
7795
10694
10435
8586
8618
11440
11491
11523
8044
7443
11086
9389
11315
7418
9099
9259
10849
10222
13998
10898
9017
10552
10638
11543
6896
13220
9255
9605
11033
7330
8985
9122
28038
22731
10435
9762
9639
11632
10980
7965
11293
12387
13729
9933
9792
7565
8804
9355
8096
8682
10657
8727
9559
8644
11907
9364
10991
8901
9176
12923
10918
9317
10819
12439
8540
12611
10684
9091
23000
11227
9713
9823
9182
10950
11422
10772
13917
8747
55402
10514
8987
9047
9544
8539
12135
9479
9053
7964
9794
7947
19676
9328
13743
10984
11528
10997
11843
9068
9663
8107
9396
13537
11556
22676
12623
11861
9186
9395
10538
10863
10697
11481
9629
11158
10831
11757
9385
11491
7389
13829
8084
12003
10309
11328
14682
8936
13372
9946
8878
10790
8489
9360
10022
10427
12230
13776
10828
7878
22237
9274
6699
7705
8331
15194
10382
31585
13469
8695
7793
6729
10292
10212
11441
5664
12675
10014
10195
7661
10465
11472
11252
9800
9564
11458
9413
12075
8242
11295
12210
10189
13558
9325
9515
22976
8994
10000
10041
11958
10418
11434
6202
9034
9350
11794
12029
10016
9853
8118
8830
11312
9603
116344
12578
8979
10637
10289
8584
9495
23734
11323
11198
6892
8332
9570
11283
11555
10360
10897
22220
11079
14022
11527
7927
9270
11653
11142
11565
7723
11201
11061
7955
8640
11573
9532
11204
10955
14887
22842
13508
8659
23608
9224
7787
11793
10055
8845
9012
12551
8567
9200
11849
7633
11603
11566
12060
13765
22245
11641
13545
7279
11085
11499
11418
11229
11198
11165
6489
8308
9348
11442
11570
19569
9737
11332
9876
22599
9304
8880
7441
11250
9795
11935
11178
11369
12015
6164
11734
7808
10473
7011
12602
10552
9721
8924
22937
11292
8763
12822
9167
9242
8618
8790
9791
7671
9203
9181
11462
8064
9467
9389
8276
10740
9308
22811
14259
14053
10697
20549
11372
11417
13581
10994
11248
9535
11101
9805
11160
14911
11109
36912
11603
11073
22814
11409
10941
13392
10782
10911
8155
30389
7984
11378
9978
8712
10756
9609
8272
13698
11255
11302
11204
22803
9179
10853
11677
10836
9517
11048
103232
8309
11337
6662
10498
9216
8720
13184
11432
11012
9709
9701
22648
20285
10816
8355
13245
15146
11229
9461
13670
11226
9654
12076
11127
11442
10430
12662
10856
10497
10488
22786
10786
10798
7881
10133
14933
10991
7543
9579
10947
7988
11447
9086
10888
9384
7956
18887
11115
24062
22352
11453
9528
28332
9821
7656
10887
11041
18720
10882
11127
10860
10180
9187
8143
9595
8797
9910
8840
22814
8277
23629
9351
15157
7812
10424
9022
8164
9878
10824
11079
11781
11563
11336
9059
11899
13761
11316
10788
29891
7680
11872
10921
7553
7697
21981
12568
11833
12107
13972
11259
11091
9736
9884
9760
8172
11366
11337
9164
8878
15433
11745
13675
12099
18591
8490
11331
12131
11539
12495
12833
22685
8941
12873
12847
11468
12549
8830
9109
11327
7968
9762
11801
11597
8219
6121
9352
11657
12814
11047
9173
12386
11662
9425
9483
10970
12143
22368
8038
10980
11385
11022
14047
10913
11136
14075
9804
12294
9179
12480
9304
11293
11209
10956
10462
9220
8526
12088
13625
8772
10366
8688
9602
22650
9403
11383
9442
9710
9869
13397
10081
11194
9485
12277
11260
11053
11366
9632
7564
11075
11297
9438
9476
9724
14338
11437
11556
11181
12400
22893
10710
9306
10465
10129
9481
12299
7294
9691
11093
11398
8026
7917
10082
8621
7458
10088
12781
10292
13386
10423
9737
11127
11208
10729
9705
22555
10555
13916
10686
9798
11071
9480
11503
11311
12192
11555
9778
10954
11238
6451
9520
12114
11527
9590
11430
12903
9311
11045
9146
12152
11363
23001
8876
8380
9030
11076
11314
11219
7865
10053
7814
8730
10587
7644
10533
9155
9769
10660
14189
10239
29456
28167
13882
10094
9027
9331
6698
22700
13501
9359
11491
11243
7301
13698
8226
7777
9582
9897
8818
9116
12008
29421
9774
9467
13301
9039
9356
9376
11203
11014
9181
11369
11987
23156
8384
9322
9287
12886
10590
12567
12361
11292
11223
9220
11310
15121
11334
11788
10920
8042
8115
11494
8719
22834
9309
11189
11536
11417
8413
11061
11051
10333
43987
6682
8355
10332
9558
7723
12504
9705
9136
11997
9508
22988
8778
9343
9582
10953
12232
9773
11212
9086
8031
9217
10528
8549
13018
10147
10049
11557
6822
10682
9610
23630
12854
7940
8905
6524
11037
13493
11816
85957
9177
10573
9821
10994
9349
9663
11181
11937
15413
9534
13938
22735
10750
13030
10851
29709
9655
11378
7241
11096
11006
11933
13565
11212
8783
12954
10951
12284
10438
8665
12493
22511
11637
11374
9907
11268
8154
11783
9944
8550
11071
8568
8928
13836
10841
9138
9942
8771
10003
10001
10978
23217
9861
10505
10661
8240
9539
8981
77477
13198
10998
10208
9343
7765
11298
117142
10111
7956
9232
7413
28839
22075
9925
7753
8407
10433
13504
9644
10875
11067
9005
11004
8874
9303
9050
9438
8969
9377
10998
9604
9237
22845
8064
11500
8234
11360
11115
11595
9652
11927
11470
13996
9007
7961
13129
9653
8219
11192
10041
9707
9686
22652
9516
10692
8002
11953
12449
7712
13464
9684
9104
12878
15215
13247
10970
8524
11655
13884
11902
10793
11983
23093
9312
8250
12481
9323
56680
11101
9153
23746
12896
10970
10591
11113
6910
11821
11043
11047
11049
11677
22933
9273
9419
8365
11074
9526
11693
9656
9031
10678
11405
9838
9103
10752
8867
10730
12992
16969
9135
11255
9178
13794
7447
11162
11250
11151
9488
28786
9348
9152
9903
9355
11179
12044
9172
23042
10368
14014
9315
10938
8983
8640
11598
9027
11346
20046
10156
8893
14061
8116
9372
10242
11001
14044
7683
9622
11192
12952
10828
10051
8628
9413
11293
13307
7690
13697
15338
9786
9002
10872
22943
11211
13804
10121
11509
12665
9982
9005
12019
8657
9637
8593
8587
11366
10103
90310
7670
11339
10742
9341
15128
8227
8429
9313
11307
11655
9534
10685
12988
9708
10514
11274
10734
12552
9847
29465
11993
12148
13228
10954
11079
8183
7109
11414
11310
11791
8487
10749
11200
8446
8378
9156
13738
9778
7613
9315
9452
10197
13958
9001
8602
85764
11474
9339
6363
9089
11125
11255
10066
11047
22440
11096
10992
10071
10750
9385
11431
9209
12207
13469
8863
12952
9250
8978
9723
8388
9410
12739
11086
9684
10685
8826
11382
9782
10814
10884
12640
10900
14212
13704
13841
11253
11091
9706
10181
23057
8769
8124
9643
11982
9237
13059
8745
9854
10955
13602
11492
15069
8333
8985
11305
13306
9503
12672
11000
17068
9130
9522
9163
9548
12655
11093
11180
92476
9421
13861
11131
13839
9796
9259
23000
11071
9800
9008
13970
9300
9688
9514
9892
9959
13910
9864
11413
11394
9017
11161
9460
11399
11440
10667
11375
9219
11674
9619
12018
11410
13050
7965
12737
13700
7417
9557
10545
9033
8922
22103
13311
7735
9274
9568
12628
10663
11087
9112
11116
13784
11293
14423
8922
6897
8815
12111
9168
12248
9819
8712
9239
22996
10950
11495
11628
13113
10162
9691
11323
11525
7491
9073
14159
11520
11016
13077
10465
13675
10210
6554
11481
11737
11462
22007
11327
9125
11078
11335
9688
9961
8856
9926
12276
8079
11392
9113
10045
12056
8000
11107
11209
13087
8995
11081
12210
23224
11190
13140
23498
10962
11271
9419
10789
11134
11039
9117
10836
9505
6823
11346
13022
12833
9080
15054
11012
9230
11142
23263
9191
8675
11069
9126
9337
7630
10720
14131
9221
10692
9745
5286
9346
9343
14087
7864
9441
10480
11468
11419
10864
22706
10410
8426
12169
13850
11036
11541
15276
9739
9945
9317
11561
9404
11104
10005
9996
11595
10364
9212
10775
8567
10813
22906
10156
8072
11114
12452
8456
10280
7931
8442
11199
11248
9507
9111
12294
9434
10822
8095
9347
9207
7963
11365
10584
22750
11973
7664
8258
9270
9022
8429
9285
9202
7871
11896
11596
68272
7477
8893
11038
11604
10348
9666
7429
8288
10126
22192
9367
9705
7669
9892
12812
9410
14261
9517
11304
9945
8439
8256
10203
10927
11351
11106
9954
9329
10331
11304
11225
23643
9219
10392
13941
8063
10512
11373
7330
13789
84041
13777
11312
7827
12202
10210
9369
11321
11295
12675
10609
10639
7582
22309
10505
9589
271056
6810
9605
15845
11527
9539
9223
11180
12478
7891
9571
9205
8444
9219
8118
9973
11474
9620
9984
14897
24440
14209
9790
9446
12509
12694
10334
9189
9209
8643
7266
9253
23014
11164
12044
9231
10294
11473
9489
12763
10731
9388
6971
8594
11125
12121
9286
11967
11113
11397
9145
14627
7711
7380
8334
10836
9198
9488
14130
9438
13951
11155
13864
9038
14083
9029
9824
22519
10858
8253
10366
11136
9778
11494
9823
9583
11560
10756
11219
24290
9123
10856
11910
10700
10245
9630
10456
30387
10248
12041
13755
13357
9708
30191
11295
8705
8730
8951
11576
8178
9245
11285
22558
7404
7640
9281
9568
10406
14297
11240
15915
11932
11116
7662
11782
9828
8825
8959
9459
9810
7983
8998
11322
8818
9239
10389
9774
12742
8695
10295
7616
11984
11499
11301
10897
9114
10700
22976
8130
11259
8560
9077
11712
10299
9144
9146
12531
10753
9478
10116
9872
14050
15666
9484
9022
9744
8662
11470
8849
8317
65866
7961
10223
11161
9325
14131
9310
7793
10309
9165
9308
9042
22414
9862
10784
13112
9062
8820
9093
10945
9963
9129
9256
11013
8141
11508
10943
8854
13483
11238
11345
6791
9185
9136
9558
11877
8756
9144
12113
9866
10862
11003
9104
6590
28568
11760
9368
23181
11296
11603
11026
8477
11374
11789
12838
12989
10473
12792
11339
9533
11286
14435
9331
9905
9427
11092
9091
9174
9012
11397
11303
11073
7678
10313
11515
14037
9123
9415
8057
7902
10171
10949
8636
9509
22408
7620
12054
12058
10153
9571
9197
11288
8833
10933
17542
136837
10993
26371
10492
10971
12747
11012
13699
8305
10975
12776
6197
8441
7974
11442
11122
9768
11047
10775
8809
9890
7957
11119
11085
9069
11425
23544
9783
8485
15048
49783
13522
13958
9175
9502
11447
8931
29167
7223
12968
8769
7215
12073
9244
10998
25397
10748
12572
9024
9091
10152
11081
12458
28779
9768
8975
8065
8336
9605
11048
11317
13631
9018
22426
8344
9693
13370
11167
9253
9278
13402
8301
14222
11197
11200
11039
10733
9004
7323
8274
9963
11596
8939
8864
10774
9445
10456
13593
12451
10533
7468
10090
12674
10559
10294
7875
8741
11039
9945
12083
22551
9502
29187
11614
11318
11198
9859
11761
8095
8954
11165
10882
8066
9940
8506
8688
7897
11856
11090
9095
11238
9805
11099
11302
9080
9559
9532
12505
11215
11278
8992
9453
8653
11176
11161
12611
8952
22481
14114
10292
10741
11585
11049
10583
9237
11027
9693
9225
8761
8427
14412
9495
8198
9416
8603
11683
9151
7995
9219
7914
9728
14325
9217
8578
9426
10024
9024
14065
8486
9320
8644
10326
12922
14403
22721
9196
8948
11356
12093
10844
10714
11684
12899
8841
10675
10047
11238
10519
9257
6980
9705
9231
9992
9349
11250
11060
13856
9647
9221
11197
14408
12860
9350
6755
9314
9397
8493
11118
7069
9796
11958
24446
9719
9575
7393
27366
9832
8257
7873
11272
13560
9286
10392
10526
10648
9290
11553
8034
9062
9758
23459
10039
8982
11398
12954
11491
9997
12935
11048
9526
8763
9366
10895
9920
8989
11930
10612
12661
11094
22538
9846
10803
13420
11283
10929
10311
9650
9737
12945
11783
9622
9902
9626
8280
8181
9026
10344
10836
23332
8230
10876
8389
13651
9853
9739
11733
9062
11813
11719
59658
9770
10430
8524
9766
10905
13723
9561
22242
11266
11755
15404
17134
9108
8138
11003
12766
9789
10165
11109
9340
7966
11125
12058
12874
9964
9048
30729
10557
13505
8570
9166
26143
7818
11066
10346
12354
9403
9474
9182
8798
11635
8702
13898
11010
54681
22259
7987
10087
9310
8009
8654
10964
11070
9599
11734
12288
10382
14444
9098
9658
9573
12191
8837
13871
16504
9191
9100
10333
11940
14537
12526
9683
9192
11185
10153
10271
82902
7829
8561
9312
10930
10559
10001
22375
13648
9587
19998
9429
12205
8695
11505
11233
11500
9496
9215
5943
13614
14486
8084
11493
9642
11084
97677
11141
11908
11272
9893
9324
9705
9435
9368
9171
9597
10085
8639
9457
12371
8801
10194
11317
9632
23301
8927
10273
29192
10298
8574
9963
13003
37657
8181
11147
8562
11752
14067
10161
11014
13772
9123
14854
22386
10023
14017
8661
11419
8060
9460
9167
8950
11312
10071
8687
8997
8204
11292
9608
9428
13913
9346
8959
9915
11174
9699
11311
13580
11251
7963
12818
10611
9152
9323
13688
10618
8819
8220
22343
10089
9652
11005
9866
12322
10182
9274
11552
11630
9797
8489
10849
10826
11336
10388
11129
8599
11868
11833
9324
11518
11478
8328
8937
9351
10590
7746
11196
7610
9388
12430
11566
10188
16235
22727
10524
16956
8513
12281
8762
11250
11081
8912
8956
10993
9386
9304
8798
9328
12302
15700
9315
11033
8975
8483
11414
9188
31437
11219
13714
9474
10919
11622
11231
11223
9036
8585
11417
7672
22112
10262
11595
11539
11624
10843
10202
9305
9041
10474
8519
8527
12859
10751
11338
14004
12574
9219
9883
11618
9051
11479
8956
9398
10978
10232
12621
9225
8260
11597
13573
10650
11049
9550
9601
22748
7231
108836
10847
9801
11307
11196
7264
11497
10968
13520
9983
10764
10749
10420
9000
7801
8904
10419
10454
12777
13979
7629
8966
8443
13755
11292
11126
8030
11329
10674
7530
13880
11946
9701
22761
11231
10182
11954
11562
11267
10583
13568
9839
8029
10402
10684
10114
9042
8383
10983
10806
10299
13813
11347
10082
10168
9796
10317
9357
9616
11005
24258
9512
18584
11209
8157
11187
13804
11303
23525
9603
11699
27738
9745
11434
9758
11437
9912
9039
8330
10269
7396
9186
9003
10842
9308
8380
9502
10898
11728
7543
23660
10111
8161
10910
11083
9979
8972
7589
28713
9319
9640
12861
9015
22139
10460
10354
8701
8923
7917
9385
8990
11573
9152
11185
9169
8989
8927
13416
8404
9413
9930
136772
11407
11801
22856
11509
8150
9213
11437
11250
10874
9377
8454
8582
11390
9615
9673
11429
12343
9175
9422
11257
7715
23843
12017
22275
8177
6946
8820
14367
10148
17388
10823
11679
9314
10380
11251
11691
9591
13428
11650
11278
12636
9660
9950
18314
22799
9181
9973
9276
12999
9353
10218
8541
10713
11739
9913
11462
9328
10967
7895
9393
10760
9170
8353
8786
11686
22779
11661
11259
9708
12379
12836
9694
10425
10732
7960
9600
10640
10764
9088
7620
9104
8862
9776
8934
7683
11487
22613
12266
9272
6295
7537
23269
11277
8750
11161
10992
6071
8343
9772
8207
13841
11634
7966
9583
11695
10829
9477
22893
11893
8571
9373
8303
11217
6781
11310
10628
8845
6601
10776
10420
11259
8939
11164
19258
39137
9450
11858
7847
22009
9307
7922
9037
37185
7998
9773
11711
10545
9026
9157
10730
9586
11450
8526
13341
9513
9779
11374
11204
8961
23246
11230
14198
6861
11141
8007
8110
13436
11092
8970
9063
12484
9345
13619
12382
10137
7649
8972
10980
11200
8539
22849
9345
9246
11657
11480
11922
11292
9352
9453
11219
13397
13325
9166
13610
9429
8868
9610
11103
11263
10371
11189
22707
9414
9084
12050
8988
23917
52532
9751
8229
11761
10309
12997
10449
16881
13040
10528
12289
9948
9603
10610
11322
13475
22838
13999
8253
12012
11471
11926
7420
8872
10037
11570
8990
28380
12568
12229
12186
8250
106598
7835
8134
11190
11041
9943
22698
8953
8335
10755
13517
9527
9848
9818
11370
9555
10053
16978
9868
8525
8478
12745
10438
11191
10075
8585
10990
7844
29099
9857
10495
7690
10091
8457
7608
11598
14425
10674
9727
11629
45041
9611
10137
9227
12307
9302
8812
9769
9934
9615
22178
13373
11146
9856
11921
13402
9649
7149
7597
11615
11124
10203
9748
11239
9091
12118
70463
12620
16862
10923
10737
9714
22969
30044
8401
9761
8549
13253
11565
13617
6289
7672
11153
11956
6187
11207
11747
7668
11132
15167
9442
9122
14786
11075
22405
11278
9058
9649
9723
10356
11114
7131
8994
12055
9094
8594
9804
9147
8052
13061
12425
12807
10272
7025
9758
14019
23525
11159
11092
10039
9347
11322
11360
8924
10902
9159
14046
11434
11171
63959
11745
7947
9645
6573
13852
29472
8273
9966
22822
9027
9240
9377
9520
7849
11382
9281
7825
11989
8397
9791
11576
11560
14062
12562
10649
12278
13096
11075
8925
11279
22191
14028
9969
10001
14406
11400
11326
10435
9695
12289
14089
9123
9714
11186
8161
8860
8096
12099
11807
7902
10414
11366
23018
29939
9310
11637
9323
34307
11500
9733
8946
11237
11248
9485
10997
10106
9653
12961
8879
10302
23779
6704
9195
8618
22551
9213
11042
8563
10493
9210
12426
13110
11815
12185
11505
9882
7100
10231
28363
11127
11745
9728
14180
11407
8376
11043
13737
9260
14071
11002
9701
10307
8994
9874
11752
7608
11210
11043
11826
12565
22412
11127
12372
13325
15781
8531
10408
10955
6562
10565
9309
13453
12261
9242
10592
8962
11014
10880
11119
11590
7732
11596
10810
15468
11013
10180
15389
9262
9363
11237
8882
10428
11271
9681
9723
11578
22533
10897
7096
7984
11723
11357
9454
9927
13926
13525
30274
13274
12508
5456
11634
10470
11266
14289
11429
11211
14514
11663
10208
11208
9611
10871
10804
9999
11343
86670
9014
8199
7869
8177
11568
9412
22509
9854
14297
11117
9038
13666
14417
11871
8002
9388
14216
12551
11166
10925
10839
10944
8221
11265
7992
10614
10582
10893
9980
8068
10829
7420
9829
9633
12034
11500
59507
9219
7985
10749
23847
7791
22498
9313
7846
8719
10417
13941
11527
11164
9531
10049
11436
9548
11066
9101
11584
13579
11095
9672
11134
11192
13723
28947
13757
7579
12002
13606
10652
9831
8547
8550
8951
9058
9853
10526
13767
11321
22383
9911
9891
13628
7468
11476
10958
10980
13804
11312
9837
11096
8924
8352
7985
8295
10361
7614
10980
9495
29096
13949
14245
8195
14072
9280
9995
9295
9647
8176
10391
9751
10289
10496
13000
12738
22645
11096
8588
11224
7758
7615
7830
11741
72468
11071
8904
9688
9918
9839
11902
11155
9767
10954
11260
14093
9911
11580
8074
11615
11246
10887
11810
11690
11234
11527
8926
8296
10601
10989
7020
7765
22102
9066
11229
7689
12773
9904
12962
10245
9260
15097
9342
9674
9466
13884
10864
11229
9446
9567
13704
9351
68771
10955
14076
11715
11145
10075
10530
9404
8043
7472
22688
17042
11800
12092
8087
11631
9253
8870
9100
11781
8099
11354
9319
13968
12000
9788
11848
10886
10918
10299
11455
8580
16370
11246
9880
10037
9178
9512
10456
10012
22178
9302
12592
11564
9544
11075
7105
11709
13371
9529
12385
11271
10779
10906
10902
13569
9196
9212
10981
9674
11718
8680
9943
13965
11773
7850
9776
10839
11106
12605
22405
10340
16992
11578
13535
10044
10333
11325
10123
9004
12111
13199
9002
10512
7182
9377
13643
8815
10145
6294
10035
13621
11047
9893
10086
9862
9674
11124
11309
7973
22463
8310
8171
9420
11051
11029
10150
10338
13371
16320
11056
10352
11217
10148
11023
10861
7286
13245
11290
9394
9364
9872
7603
14023
10976
23697
11322
10578
9574
10720
22609
9306
10956
14556
9791
8067
10892
14011
9130
8708
9419
11703
8742
10618
12617
10682
8051
11490
9697
8984
10875
9839
11160
9024
11477
10389
11121
13706
9864
11462
22501
28529
9297
11050
8251
10126
11089
9844
11017
8123
8895
11019
12554
9209
8631
12190
13794
10036
10014
11607
9963
12860
13892
14497
10907
9997
8980
55351
11137
6791
9766
9716
9239
9012
22812
9476
9359
8251
7529
12190
10935
9281
9656
11416
9825
10187
8519
9083
9706
10077
10819
13125
8455
12146
10203
11362
9905
9740
6726
12860
12742
10853
12176
9631
10289
9094
9804
9899
22308
10007
33387
10798
9754
11155
10889
12059
11319
8690
9592
8169
9430
8908
11216
8975
9485
5703
10724
11502
8900
11407
8873
8604
9165
14059
9226
9004
11782
8813
9276
12464
12687
11505
23158
10754
9233
14482
8636
9253
8204
8234
6856
11851
11235
11423
11840
9332
11390
9529
11215
11154
9922
9223
11265
13993
11030
9454
8481
11314
11510
9729
12016
7231
13959
10036
9542
10536
22342
12241
12741
7575
8979
8523
9014
9243
9734
9197
10435
9163
11170
12222
9236
11265
10973
7074
8394
10415
8628
11253
9790
12847
9249
11182
9773
11551
11236
9290
9392
9749
10958
11187
22843
8819
9302
10825
8605
9826
10617
10398
10325
14665
11910
12154
11208
11192
9029
9924
11148
9011
13718
7080
10783
11063
11590
11837
11450
11210
11554
8023
11021
10497
9157
9260
10632
6526
22586
11955
9434
9714
24324
11018
10171
9760
11288
7607
9082
9747
8581
10662
12446
8707
9069
10830
11683
11553
7836
11458
9573
13753
8911
13063
8912
8967
11041
10072
10769
9061
9631
11447
22325
12135
9148
9511
7770
10013
11223
11130
8684
9595
9386
10899
11140
10161
10066
11035
8801
12814
16480
16362
13680
10379
13769
11469
8391
9556
9856
8763
8829
11235
12932
13407
11491
11229
7480
7604
11069
11027
8299
9489
8485
11540
10917
11432
11199
10328
10908
9271
13788
10430
9569
9821
22167
9709
6769
11181
10632
9788
12597
12364
10521
12453
9685
11059
11957
9140
28987
9214
10599
11669
22911
6783
9330
8567
9825
8851
10128
9510
9878
8533
11516
96127
13872
10609
9524
9274
9199
11550
22850
8241
9457
10296
12425
10240
7752
11543
14312
11709
9473
7836
9169
8166
8580
11957
11449
15232
22404
11302
14991
10968
9977
12790
9196
10180
9118
13987
8493
8201
10948
11183
9903
7388
5303
8923
22755
10190
10531
7799
12049
7848
9635
8143
9349
9566
11143
9648
9672
12073
14067
49832
8546
10039
22518
10314
8958
11503
9980
8406
9151
9174
9210
11355
11417
13812
10860
9263
9525
28163
11765
8081
23125
13164
10153
9450
11810
25724
10423
12319
11235
11069
14076
11296
9298
8651
12253
56511
8005
10104
22737
13937
9380
8850
8514
11597
10231
12281
12486
10391
10783
12104
9653
9948
10673
18567
9886
9988
22647
9540
10921
9829
11504
10183
9492
13698
8493
8612
11137
11930
8587
11250
11565
10888
8587
9667
22612
11347
9412
9042
10909
11230
11132
8970
10405
10117
9211
9709
12879
9657
10471
10845
8107
9753
23005
8194
6983
11632
10140
9669
10911
8729
13168
11998
10574
10063
10960
6802
7911
11637
11563
10287
9319
22438
11459
9463
7777
10873
11578
8059
9813
10998
8724
9117
11316
11289
9297
9400
9551
8450
8956
12411
22917
8950
10801
10574
10720
9841
8686
10419
8469
105991
10226
11514
10814
11401
12456
9905
10026
11316
7783
22399
9462
14493
9004
11309
6810
8518
11336
11188
10591
13268
9386
11195
9360
7526
11563
12172
8024
13145
22825
8327
9044
8744
10145
10455
10623
11933
11279
10892
9359
7601
14157
9355
11765
9634
7819
8424
10526
23000
14109
8185
97091
13744
6337
10329
9051
10550
8989
9141
11099
13550
10213
9047
13095
12123
9224
76675
22768
9540
9008
9868
7767
10374
13183
11340
16705
12634
11121
9623
9299
7953
7785
11690
7238
11135
11288
22487
10003
9966
9548
7980
9458
11125
9311
13054
7877
9330
13250
10725
9615
57489
10917
10113
8074
9878
22402
35395
9935
9392
11682
12252
10940
11392
11293
11872
11362
8021
9980
16700
8243
11651
12038
10451
9318
23129
12902
14323
11233
9187
11045
10817
10564
9821
9371
9186
9386
9484
9022
8302
9619
12310
13973
11326
22750
15417
11309
9534
11552
9239
9794
11030
10965
12009
11505
11362
10068
10582
9802
11219
10154
10654
12516
22593
10940
12496
9414
8766
8799
10930
6848
12329
12459
11566
9567
10368
9865
11959
11461
11711
114081
11400
23053
9143
11109
8229
7717
9512
14309
9189
9759
9051
10044
11378
10343
11292
11433
13826
8112
11229
11622
10072
9895
9419
8866
21958
10443
10199
8661
10272
13698
9412
11728
9904
9323
10873
9371
9296
8068
10925
8885
9944
12024
8276
6772
12242
10150
8397
22641
9207
11078
9485
7846
11718
11393
9394
9664
9831
9572
9460
11319
9475
9472
9366
10345
9121
10158
25060
12718
12740
11586
22601
11457
9267
8791
12326
10454
9557
14153
9820
9841
11756
9234
10705
11278
10130
11275
10524
11146
11374
7863
11118
15124
13224
22467
7605
11172
9360
8206
8213
8986
11352
15241
81464
10863
11449
9522
9312
11149
12654
12975
10211
9307
8154
15637
11581
10272
28417
8767
9517
14392
9941
11890
12407
7938
11393
11182
9273
7809
9809
9702
7997
10088
8943
10781
9299
11295
12237
8874
12255
22623
9762
9265
8931
13603
11482
8954
7225
14002
8747
11192
9831
10994
10834
11038
12879
12222
7294
11460
11631
9186
13770
210091
23409
11469
10878
10016
11526
10809
11014
9746
8417
11393
9618
7420
8603
11889
8615
9643
9576
9341
10048
10049
11736
7433
12008
23092
14151
9762
5514
11224
9877
15300
9040
11111
10372
10664
10494
12825
8505
9321
11202
9448
9322
9043
9159
30007
10377
11697
22441
9501
11068
10324
7929
10539
13542
11487
8289
9837
11278
9526
8898
8978
9467
13401
9097
13108
8959
28714
28871
9417
8898
22972
11248
7599
7996
10294
9429
10654
10687
13447
13891
8250
11172
9857
11196
13831
7863
13804
11035
9524
8699
9342
8523
11395
11135
10122
10435
9240
21836
8108
12483
7736
11109
9731
12136
11752
11350
10767
9274
11747
10947
11059
9943
81372
9192
14024
29264
7841
8813
9461
8405
9136
8714
23645
11083
24867
10261
9356
9113
9189
8320
9854
11521
9607
11188
10006
8421
8216
9292
8662
9512
10447
11398
12667
11121
13805
8980
9599
9157
9348
11373
9060
22248
9441
9047
8749
10073
11722
9604
12403
11005
11104
7910
11149
23589
8875
13499
9120
13814
8454
9442
9692
8763
11517
23575
23760
12172
7682
11479
23084
11137
11437
8878
11031
10708
13555
12031
11233
12489
10914
11844
9843
7395
11557
8119
7701
11628
7669
7819
11884
11435
9307
8571
8193
11039
10547
22785
7785
11940
9514
9522
13877
11174
9558
9913
10044
10464
8984
10925
11615
12078
8622
13781
11171
11423
9631
11013
9805
10135
11313
11265
11310
11454
23088
10170
8369
9700
9473
9098
8246
10005
10836
9388
11517
9749
10017
9718
9201
14018
29516
12847
11390
10316
9000
11327
9507
10432
15159
9957
11413
23652
13694
10619
10306
11554
5563
12359
10901
8873
11295
12713
7224
9091
11106
11634
11246
11659
9365
11348
9694
10991
11222
12166
9531
9245
11140
10029
23305
9589
9682
8417
12636
7737
10077
9020
10587
10686
11083
11417
11355
11389
9726
11813
8241
8513
11526
6880
12621
9882
10348
9388
9126
8923
11014
101151
11535
13675
9847
11529
11764
10350
8992
9498
9150
8394
13631
9909
11780
27955
11944
9111
11502
11441
11009
12405
10542
10335
9188
11141
10602
8238
13615
11149
9215
10695
9716
7544
9582
10236
10303
12171
22878
9133
9469
10784
9762
9494
11235
9377
14070
9946
11395
9467
9660
10293
9291
10802
9381
9183
11979
9250
23713
9002
9060
10172
7434
11159
6403
9887
17399
9720
11528
10607
9282
14375
13080
11701
11289
22790
9588
14062
14920
11824
11231
9364
8417
9668
9466
11075
13384
9000
9939
11018
6390
7794
11689
9021
9561
11247
9199
6856
11607
8653
11312
11027
11692
11135
9626
9857
7914
23792
12923
9426
9137
8865
22556
13111
7767
10245
9188
13845
9935
9807
8914
9262
14194
13972
11131
8459
9259
9551
14832
15246
11141
11135
8853
9793
11658
9953
11730
10842
11108
13362
7899
8205
13234
11058
9637
9029
7474
11242
12587
26687
9975
28443
8877
11151
9767
11570
10148
8868
11175
9438
9253
13759
16557
10748
13808
13529
12542
11184
9118
10517
9272
10444
84887
11669
11355
10993
41170
9623
8840
9789
9299
8966
10073
9551
10877
11477
27739
13919
8892
11069
9246
7893
9005
13362
10900
10068
10375
10414
9612
8213
15359
10232
11492
12344
11993
9761
9164
5383
11359
8990
9078
9538
8531
10255
8223
10963
9642
10748
7745
9265
11419
9432
148568
22853
11370
11127
10612
14318
9774
13729
9664
11360
12012
9508
10029
11053
8374
9756
28375
12399
9169
8321
9830
61419
10718
87140
9675
11442
9426
11664
11598
14118
10907
6622
9608
12038
10468
7475
7290
8729
23592
10434
8704
9174
12955
9348
8444
8960
8107
9465
9312
11358
10892
10941
7847
13661
13666
9627
9720
11368
11575
85258
11657
11318
11380
9081
11086
11760
9065
24325
1442498
11261
11736
9528
9527
15198
11480
7686
11597
9976
11193
9256
11308
13622
9818
13377
9725
10558
10414
16388
10636
8032
52075
13657
10590
11227
10071
11200
23257
11147
11648
13950
10012
46690
11551
9249
11523
10281
13876
9414
7566
9107
11258
13682
11122
13821
9418
11696
6880
12406
11212
10036
7154
33063
11225
11410
17872
22375
11101
7728
10357
9680
12081
9164
7792
10194
12871
10673
11133
12365
10167
10345
10877
10102
10078
8908
11370
9615
9769
9335
9144
10336
11680
6566
9787
11856
22680
13982
11689
8558
11732
15144
11208
9878
10459
8501
8845
9912
11672
9720
11262
12252
11035
11863
11044
13395
8517
11362
11324
10964
11376
23521
9856
16773
10678
22527
9247
10242
10059
8544
11272
11625
13793
9333
8345
9573
10112
7772
13233
8865
9965
9942
11105
8946
6703
10067
9653
10309
72443
10282
10872
13457
7837
29161
23047
11251
12160
11339
9737
10844
18694
13592
12945
8842
9276
15034
11288
9436
8752
10590
10390
8594
9666
12360
12000
9386
10279
9817
8971
10607
8758
11352
13725
13986
9315
9644
9778
14347
10903
11124
22380
11445
9131
11514
6521
9087
10978
9393
9431
13279
13799
9718
10951
12784
11356
11205
9732
13825
10003
9238
6706
11548
11143
11011
13835
10391
14531
17450
13142
10442
9806
9126
11725
11233
12225
22833
11139
12436
7995
9401
10323
10981
29404
11675
10990
11887
9188
11156
9104
11000
11803
11638
8811
9143
9736
11055
8424
8711
11235
11403
9865
10853
11263
11353
9814
10934
10407
9548
9768
10440
6749
25767
8295
12571
9087
10939
10224
9811
7776
9920
13901
11251
11319
10784
10850
11181
12297
11706
9176
9671
9173
10960
11471
11180
13592
9868
13826
10305
13134
13343
11044
10822
12140
9161
10897
11418
8187
22298
9441
9426
8124
9394
11217
10511
10827
9291
16540
8118
10637
16918
13618
9978
9815
8039
9310
10984
11900
12011
11375
8009
9971
11174
6831
8152
9356
11408
12006
10180
9007
10091
9400
11901
9725
22222
13590
9684
11031
8983
11320
19733
10207
10065
18402
9641
10360
10329
11617
9381
11576
11063
10353
10705
10397
12715
13100
9660
13397
33169
8983
13491
6751
8625
13368
12657
12259
11557
10142
8228
13836
22625
11717
11398
13434
13788
11072
11238
13300
10393
11248
13574
9877
9810
9523
7139
10690
12019
7063
7877
10038
9321
9636
10708
9824
9652
11337
11434
12348
12602
10822
11069
10359
10299
10035
9009
13647
22303
6853
9005
7434
28051
11437
10540
10550
9522
11233
10696
11117
6943
11399
9406
14047
8807
11456
11917
11337
6946
22796
14990
11814
9567
13040
9328
11756
9304
14072
12367
7841
11425
13095
9402
9519
9677
11416
8036
9295
9008
11098
22950
10661
9734
11335
8006
8667
10330
11510
8463
11721
9087
23320
9008
9489
9268
8590
11531
10953
9174
10480
9653
22873
9616
8159
14137
11512
8728
7424
11456
11412
11008
8385
14182
8035
8704
8935
11205
9080
7732
8358
13854
11221
22954
10224
10634
12619
9029
12380
14042
11663
8977
101738
8334
12508
9746
9553
7705
12146
11519
9745
9535
11031
7943
22604
11164
9507
12529
8210
9692
30217
10401
7697
28987
11953
78664
9157
9166
11268
12796
13786
7835
9043
13963
9654
22525
11016
8325
6695
12721
12919
10574
13744
7309
11364
11838
11281
8710
10460
9778
6576
6834
8453
10963
10033
10561
22358
10160
12931
5768
13484
12557
9333
160857
11522
7720
9244
12266
12934
10733
10226
11822
11000
11453
7564
11545
30088
22557
11267
11197
11243
10633
11611
10471
10053
12881
10874
12524
9001
12809
8162
10084
11168
12022
7760
11044
10869
9522
22742
10710
10899
14218
9210
10779
11221
11383
9961
11325
9958
12088
9054
10033
9900
12414
10927
7595
10803
9576
11811
22537
9032
10991
23740
7704
10289
15091
11394
9415
9226
10660
10599
53462
8893
11163
11410
11020
7637
11010
11684
11529
22846
9788
8376
11098
10958
11789
8968
9708
9770
9559
10024
7401
8909
9243
5356
9377
11431
9523
11265
11852
11348
9530
11803
9371
23194
10977
14469
9283
10098
8853
12158
11883
9156
10300
10300
9343
11227
12628
11523
9223
23454
13447
9744
10668
13129
11166
9508
7214
22634
11906
9302
9376
8829
9660
7734
12468
11418
10895
11365
9535
9584
8809
11678
7670
9576
10146
10166
8113
7877
12239
7727
13900
23015
9363
13765
8184
11129
9219
9382
11107
9690
8698
13992
10354
11398
11409
28437
9542
13150
9894
11270
8250
9616
11396
14769
11092
22400
11612
11035
10144
10478
11631
10709
8613
10874
7755
10827
9025
10214
11073
11543
9041
11311
12338
10376
7927
8325
9871
6650
9050
22777
10286
9491
11877
9064
10395
12560
12500
11235
9342
11165
9586
11382
9178
8976
7531
11459
11357
12234
11025
9067
8615
8878
10167
22740
8303
11553
9851
8329
9430
12295
9700
13973
8469
9891
13726
10478
11685
10701
10639
8282
11151
9142
8535
8680
9177
9026
9603
22191
9196
10625
6491
16445
55937
12161
9902
9197
9872
11026
9418
12277
9435
13890
9123
11163
11562
9924
8289
9459
10015
8996
9912
22799
111727
10857
11589
14404
8559
11423
11409
9775
14055
7852
7917
9545
9294
13977
11164
13767
11639
9358
10255
16805
9113
11293
6645
23065
8815
10570
8197
8769
7833
9784
9730
8463
24051
7569
23711
11735
9268
9011
8736
9097
9252
9347
11656
11162
9084
9662
9941
22553
11239
7303
10807
8836
11455
16787
11250
8712
23186
11480
9775
9291
9215
77910
7985
11222
22609
12823
10576
10846
11894
92197
8374
9530
8988
9505
9819
11282
7884
11972
11115
10872
9693
22565
9590
11541
11113
11764
13888
11791
11043
8439
9592
10337
8840
10942
9537
9363
97701
11333
22504
12315
13903
9743
6995
9543
10217
9894
10897
13969
10670
10236
12653
12879
12496
12590
10230
22672
12820
13448
7594
11263
9942
7832
11165
9275
8468
10974
9173
62667
9211
10596
11314
9880
22555
11249
10051
11400
11047
10116
11097
9282
8492
9731
13731
14027
12125
8114
11310
8122
28934
22845
9229
9018
8476
12657
9342
9750
12410
8546
28452
13012
9889
9942
7058
9081
11125
11687
22583
13265
9826
14164
11245
10904
11068
12074
10638
7904
9996
7960
9398
9352
9101
9509
9377
22819
7250
10660
9143
7731
13710
9326
20076
6637
14008
8883
11138
8607
11033
8840
9116
9159
22485
12456
12256
10650
8431
10505
11004
24119
8552
9219
9276
10563
16208
9979
9838
9542
12520
23147
10743
10101
7718
8332
9166
9895
9184
9322
11031
6937
10551
9466
10675
7748
11473
11217
22307
8615
8848
9017
11329
23521
11481
8031
12229
12243
11458
10303
7010
13544
9678
12743
11174
22803
9818
10923
11133
10173
10469
8850
13489
10293
9504
8345
11732
11226
9079
63836
10299
11528
22390
13774
8829
9730
9994
6334
9162
8639
11317
11291
8916
8788
9504
11388
11077
12605
8365
8016
20021
7459
12051
9399
11370
10513
10662
11004
10301
7900
23042
11963
13537
6460
14400
11333
13870
9075
13045
13603
7742
9687
8112
11908
12017
11199
9750
11139
10749
8461
12712
11313
10216
9542
28138
10982
11166
8299
22794
7681
8534
8387
23109
9882
12177
10085
8533
8174
10370
8313
16169
12994
7572
29128
9879
12961
8527
11518
8784
11299
11098
6687
11446
9464
10017
9367
22195
8015
9020
9808
7075
8015
11114
10462
11174
8272
9928
9558
137254
9933
8959
10957
10276
9404
6134
9815
9089
8051
9749
8320
12566
11345
69873
10818
22830
8687
11351
9207
8543
11213
9018
19219
10566
8308
10910
9659
11324
11420
11310
9829
10127
8613
11432
6990
11292
8902
9696
9807
12024
10894
9331
7830
23204
11693
10894
8046
11175
10468
9118
23779
8624
10354
13663
11288
6152
7821
9629
6767
8328
7894
9846
11188
14825
11419
11677
9330
10680
13765
10107
11640
22422
9555
10666
11693
28641
9273
10762
9675
31356
10107
11616
13676
11605
11301
12079
8533
7422
13131
12730
61045
11047
12615
13434
169691
8897
10521
8061
40209
22934
11466
9392
11597
8078
9878
9496
11932
11727
10351
6471
9515
8386
9568
155233
8889
10891
7843
13940
8266
9573
10887
10770
11344
9733
11318
11049
11390
22221
11949
9011
10627
10278
10561
8978
117887
14007
12090
11657
11458
7306
10214
12208
13887
7848
65357
11073
9907
12863
9861
11747
10902
11742
8528
7609
7798
22652
11309
9623
9644
10436
9864
7640
7817
9989
9418
10398
9925
27746
13905
13162
10712
13470
10379
9600
11665
11204
11367
13808
11371
22433
11061
10952
9140
7905
11223
9811
7579
8426
7038
9263
11438
8086
8029
8028
13634
6537
13491
10401
16224
9568
11727
9994
10081
22559
30215
12194
11397
9438
8244
9814
13129
16356
16149
10285
10734
7861
11137
7995
9203
11024
9304
10564
10862
8813
9950
8883
12373
22432
13789
12401
7506
9244
9193
11237
9067
11830
9852
7952
11451
11490
8040
10693
10416
11451
10953
11267
7859
33857
10683
8479
10759
22263
12700
16703
9168
12386
11376
7830
8018
10173
12839
9427
13231
9338
13158
9203
13843
11839
10689
11122
10951
9714
13728
10107
11149
22722
10417
11284
7930
9176
10882
11290
9329
9376
36069
8251
7794
10874
10969
11002
9156
9210
8933
9922
12847
10554
10427
9624
11136
22500
11129
6592
14618
14045
7865
10182
8934
10868
13205
12428
10933
8079
8600
9551
8229
11534
14689
13953
13800
9281
7930
12473
11667
22638
12944
9707
11245
8759
9218
10368
8871
10222
12084
9132
16745
12921
12784
11439
12135
10943
9720
8731
11025
8727
9156
8433
9682
22671
11700
9191
11386
8406
11469
9502
8389
9701
9223
8569
8041
11072
11594
8726
7798
11455
11714
10557
8288
11217
11340
9094
8046
8720
9935
9955
9043
10618
10497
7708
10308
13460
11402
10002
7592
22676
9285
11437
11361
9105
9222
8689
9209
9248
11631
8710
9071
8579
9666
13239
10942
10645
13986
7956
7556
11359
11347
11489
11368
9736
9515
9096
7586
9536
8891
10840
23420
14016
12303
10301
7654
22636
10201
11213
11582
9246
11128
11819
9747
9389
11246
14045
11507
9729
8979
10137
11813
8525
6714
8912
10310
11652
29204
9037
11198
132860
11133
9934
8548
11928
11656
8721
10063
10961
10993
10415
6746
22862
11032
11147
10352
8218
15931
9564
10762
9767
11236
7911
9025
12297
9919
10778
11544
11152
8637
12290
9621
12927
13472
8530
9769
11382
10668
8442
9204
11135
9942
9559
12179
9452
9779
10109
9310
22816
10917
10432
11047
10312
11163
9710
9657
11128
10506
16509
10350
12809
8335
11242
11433
10289
11588
8950
8491
8990
13157
8930
7243
67764
11653
9035
10476
9026
11695
9008
7725
9027
12627
11367
7867
22932
10856
11460
11409
10853
9311
9617
10035
10924
11270
7831
9091
8081
11202
9035
11296
8368
10297
10618
11162
10872
9172
10280
8971
10028
12226
10092
13291
10040
11120
8627
10864
9695
11899
7742
10367
22573
9819
11377
11145
9269
9857
10346
9850
13953
9866
9465
28676
9567
10603
11180
97223
13677
12369
11442
7560
13667
13570
8862
10540
9455
7936
11078
50969
10315
9235
11010
11114
8970
11158
12569
9353
22395
9288
9983
11243
9687
6947
8291
11615
11544
9824
11138
10326
9685
9174
9376
9128
11246
10922
9644
13815
9893
9573
8832
81807
10613
9289
23952
9136
10472
10565
12607
67692
8236
11108
9223
13504
22608
10431
11084
16716
7659
9012
10315
13583
11136
15016
10971
7880
10043
15514
7264
9634
12094
11436
11048
14063
6414
11002
11278
9881
7719
9905
11549
9098
8903
10960
8359
9750
10375
13676
10443
8656
22542
9003
17112
9350
10892
10939
9415
10022
11394
13828
9801
7740
8394
11847
10880
6778
11111
11639
13547
75912
11448
9696
11300
11910
11100
13472
11811
11306
9372
11547
9057
11309
10850
10496
9202
11072
22667
10486
7661
12060
9838
10552
41083
13958
10536
13605
11301
11175
14367
11966
9451
11280
11358
10908
9925
10260
6643
12797
11865
9850
8518
6397
9733
11262
9284
8102
9661
8159
14101
9253
11462
7564
22963
11331
11931
8376
10969
10070
10016
9835
8259
13362
10362
11243
15897
7275
10966
11153
10943
9291
9158
15921
8138
6725
9628
12027
15292
12085
11764
11834
78948
8476
11714
11360
11778
10332
10485
12049
22971
9531
9623
9390
11367
14178
14014
10148
11941
13844
11449
14474
9603
10271
10229
28917
11088
12907
12822
13816
8834
9901
8251
10016
9623
12158
13747
10678
10175
9795
13785
12086
8523
9857
16484
11351
22233
9368
8667
11648
11046
10798
10976
14114
11270
9530
11274
9796
9080
9255
7564
11198
7054
9612
13928
10760
12372
10602
11096
28778
7676
7257
9020
22437
10729
11394
14028
11473
11739
10015
9993
9774
7539
8649
13899
11648
9314
14996
11027
13413
9506
12036
9217
7977
10718
9951
8386
8702
13437
9970
22810
9323
11501
11408
7089
11037
11191
10904
12453
8980
9397
12262
12879
9873
9226
9895
11147
14173
11710
5395
12062
14234
9541
6731
12141
9951
12707
22715
11285
6661
11236
7442
9113
13094
13420
5315
11110
13736
9676
8317
10028
8915
7985
13948
9215
12569
11238
14131
8381
43226
8052
9604
7903
16739
22911
28830
9211
29259
10682
7676
13745
9105
11105
9373
11252
10958
11655
8019
11498
9171
10208
10940
8077
9687
12787
11637
11444
9213
9008
10944
11256
22667
9243
16000
13431
10941
9198
11863
8888
10402
10825
11834
11345
11522
12570
7320
7459
10320
10767
8727
10924
18966
9036
11921
10199
9812
11192
8149
22574
7998
7072
11010
11718
12415
9249
10940
13869
15945
8681
11520
9683
8304
9607
10844
12666
11235
6266
9437
12165
9262
6649
11399
10988
10985
11814
22599
10795
11435
12277
14551
10460
11054
12584
9960
12888
9160
10951
11289
8478
9760
8448
10946
7093
11977
9261
7194
9526
12931
11552
11273
16647
13860
28099
11251
10814
10571
9246
9337
29459
10017
11254
11240
11212
11070
9356
7922
8251
8962
9713
11349
11352
13944
10574
10443
10461
6923
11143
10196
13711
13039
10190
12763
9883
14123
7791
8989
9740
9258
11479
22651
11213
13846
8224
12161
9993
9712
10038
8669
11113
9256
8947
7710
11165
9880
9218
9762
10056
10800
9844
9793
9834
9604
9886
9407
10819
7967
10956
16178
12007
8320
9868
12181
9306
11569
8313
11554
22808
9452
9438
11780
9075
9347
9193
9100
9338
11091
9500
8722
9334
9484
10944
9912
10452
11330
8708
11481
9691
8033
9136
9671
9889
9678
7854
12151
12485
8971
11241
14922
8699
12290
8814
10078
10956
22652
10876
9438
9265
11651
11154
14468
10140
8972
10381
10694
8901
8656
11800
14107
14486
8242
13417
9212
9736
10056
11268
9171
9967
11143
7968
8421
12355
7519
9084
11451
10947
11000
10055
10548
10976
10214
22457
10764
12753
10151
13019
9774
13989
11252
11235
12065
9100
10448
13468
11628
8115
11351
13888
9840
11329
10630
10065
9393
7822
10864
10987
81557
10890
11397
11393
11346
9827
9792
9911
11959
11131
11217
23347
22393
9746
9254
9875
9854
9796
10376
16284
13890
11054
11816
9371
7968
9453
9802
11199
8548
9906
12319
11554
10157
11206
9393
9220
8570
9470
9414
9091
11137
11317
11965
11393
11562
11313
9554
11708
9056
22788
11179
15116
11093
9542
9137
9255
11744
9586
13932
7651
8518
12062
26873
10516
8896
13956
10559
11193
11268
8660
15146
11257
9426
11074
8671
13169
10070
9184
11894
11792
12301
8511
9507
8308
14229
9089
22656
9625
11078
11407
9530
11059
9639
9493
11158
9537
11780
10195
11428
9483
8106
9651
7479
29348
10150
13397
12792
10441
11715
10133
11421
8756
53064
22579
9118
12515
8626
9486
96388
9062
9172
12204
9738
10842
8652
11331
8838
6622
11490
11681
12696
10220
8111
8313
10083
13769
8819
8574
9872
8912
22579
9049
9442
9230
11573
11232
9562
9780
12159
11672
12440
10532
17674
10792
11056
10924
11438
12387
5437
10646
11015
8446
13939
11434
8975
10088
12626
22694
11110
8308
8703
18647
9159
9153
11615
11209
10149
23611
9607
9833
23112
10899
11300
11075
11955
10396
10153
9436
8932
8961
10969
8625
9045
11481
23130
12091
8007
14405
10680
9708
11191
8354
8170
7410
6591
7735
6925
9657
12698
12716
11873
8519
8312
9907
9757
9410
7700
10108
10211
9223
8276
22773
11325
8834
11248
10972
9752
8436
9207
10797
9284
13562
11231
8758
11081
10889
7970
9556
11171
13763
13220
10744
11114
11041
10164
11223
11289
9002
23055
9080
13999
11105
10897
9075
9823
8964
10286
205159
9029
9703
12442
11356
8601
15262
10394
9879
11454
10724
10959
11433
10900
11350
9041
9410
7564
22632
14024
12531
7969
11309
9675
9711
9440
11105
9698
12477
10383
8473
11993
7918
8613
13839
9149
13709
10952
11688
10102
9295
13088
9664
9875
11878
13678
71379
9511
9144
22588
11342
9460
8241
12226
13742
7979
8179
11535
8619
9197
11447
9284
11431
11231
13596
11121
13466
29046
10741
11164
8321
10021
10423
16782
14003
10961
11221
9766
9961
12328
22543
11123
10331
9726
9392
15095
9795
11172
8765
7257
9380
10976
8075
9274
10320
9164
9363
11769
8633
11583
23689
11059
9338
8601
11368
11645
8614
13530
6820
9125
10584
22366
7716
9513
11823
13201
11411
13006
10790
11547
10512
6918
9419
14259
12379
12477
11133
12377
9110
12140
9914
11830
8200
9024
13471
11819
7348
8752
11792
9742
10109
9790
22787
5585
9532
11148
11226
10402
11359
9388
9025
8173
11147
7061
8353
9706
9679
5625
11800
11392
9366
10506
15989
9737
13819
10153
10176
10848
10950
10028
8671
9487
9807
22630
9340
9117
11060
9442
11635
11446
9210
11672
9880
9350
9242
8832
13806
80720
12351
10903
13884
9636
9146
10562
15832
13782
12196
11030
9357
10503
8928
10588
11483
10260
22533
10783
9259
9527
10554
13603
14052
9212
13363
8827
9320
7605
12388
7929
8767
10925
11318
9220
10589
10834
11416
11370
11959
11041
9294
9020
9412
11829
7870
9253
11389
22257
9405
10129
9622
9152
11424
7706
8666
11404
9272
9728
7832
12526
9149
12711
10046
10557
9624
12087
7847
9683
9223
12188
9046
14174
8353
10037
9181
7695
9873
11423
22049
13057
8188
7029
12296
8627
11372
11246
7649
9333
10580
13809
9200
29711
11164
8571
14438
9494
11479
9303
7307
11249
8652
13910
10397
9306
11055
12584
22185
10782
10299
12623
10698
29032
11299
13715
11386
8992
11904
11137
11970
8691
9388
9034
7913
10972
14432
11380
9612
5358
11305
12229
13891
11242
10897
10132
22413
6855
12335
11129
7878
10191
12503
12508
14536
9974
10329
10672
8787
14198
10347
10648
13959
16610
9809
9907
6867
9973
9705
8855
9411
7823
11592
9185
23158
10995
11089
9424
9761
9550
8657
8917
11067
11019
9083
10267
14380
10023
9671
10539
8359
9080
7574
7738
11025
9943
11851
8041
10428
11417
18036
9141
22922
10266
13836
13306
20096
7694
13527
13840
11730
10249
11083
12133
10755
9091
35117
9126
8828
10762
18386
9923
9863
11044
10915
9361
11000
8315
7522
14101
22621
11983
9807
12492
10927
9695
12204
12152
8230
11104
12047
14757
10075
11418
8386
11969
9247
12846
9125
13459
12730
9117
10090
11405
10754
13527
11396
8397
22638
9509
11243
9859
8142
9468
29009
7748
11383
9032
10987
10939
8831
11576
12205
10711
11187
13760
7443
9167
8886
9500
7898
11009
10865
9528
9516
9892
23069
15089
9801
13863
13944
8818
10443
7983
13057
13658
8738
11802
11910
9487
9089
9326
12375
11208
12761
11790
9159
9438
11254
11592
11186
10005
11331
6435
22549
8985
10856
8617
9381
8474
10675
11080
8746
11036
12326
8937
10807
10945
14008
9513
11496
11548
10443
9443
12393
12218
11510
13118
7537
10932
7856
11728
7156
9323
10423
8889
8820
8316
23610
10712
9440
12404
11675
11071
7119
9858
88860
8328
13673
18540
11182
9048
10028
9569
8680
9240
11220
9957
86506
11176
9463
11092
8345
9343
10813
11827
11183
11463
10173
9786
12354
10668
10311
22742
11593
7539
7667
9559
15110
11012
10570
11195
10663
9996
11053
13573
13280
11091
13320
11690
10866
11432
7594
10970
7322
11298
11486
10111
8107
15188
13664
10807
8868
12341
9748
13615
8051
8532
22751
11118
11371
13931
13816
28235
10596
11077
8445
11379
12678
9838
10506
11615
12138
10990
11507
10875
10058
11080
12080
11079
11988
73346
12917
6963
36066
12921
14435
10725
8897
9602
10911
9349
22857
9142
9437
11175
14008
11307
11665
11796
9523
11811
7812
11452
