36011
18034
18472
19701
62736
25361
18987
28051
25482
25051
23754
19285
22320
29541
14773
27368
23461
26743
33885
26256
22493
23645
21660
22994
19439
64310
23405
26802
24155
20118
25934
21324
22335
23303
16186
20014
22371
22668
20866
14799
18841
20409
18390
22928
26534
22890
58080
23708
20977
18373
19941
25555
28004
22916
29308
24822
17998
25063
21494
17606
22121
17944
19330
26902
18022
16217
25606
61644
20674
26376
19515
18673
64996
26484
21961
21774
29351
13708
23693
18602
20177
20322
22129
20479
18296
21230
22538
21930
60043
18803
20836
16945
26111
28362
22640
16498
21215
29174
27530
15758
20159
18632
19438
23993
22899
21576
17573
13947
16097
60924
18697
20144
19274
22100
20423
17231
25858
20571
15795
15518
18974
26483
59630
22468
21373
21116
18489
21292
23693
21035
52792
22179
22648
22689
72510
29304
22813
42200
22773
22417
21462
19802
16307
17595
16212
22520
19255
21934
23335
28373
20655
21305
18098
26603
18282
21828
16531
16093
19344
21511
22908
21141
24290
26191
26759
35428
24375
22903
28377
23266
22365
16986
64709
21850
27626
19373
22679
23778
22900
24231
23429
22776
18031
27667
22414
22779
23437
19459
18972
25989
26924
59584
17857
108147
21988
25737
19446
59848
29627
18625
18107
20174
24228
24899
19683
24471
34066
23959
25195
21631
23375
23546
23292
29445
25547
38888
26919
27364
23204
25146
22087
24111
60793
22344
21391
23440
63157
19890
20153
20321
22305
18510
21063
22273
30451
15844
23018
24860
19464
20834
19097
16138
18911
23001
23655
25762
23528
21635
52547
19128
19327
22616
25411
26666
24452
12666
25400
21721
63709
18212
16291
22729
24189
22952
22448
24219
23128
24987
18995
20460
30250
21193
17648
64014
19045
22845
21907
17045
23678
22479
22695
23118
21222
19094
22848
17940
21234
27749
22186
11981
23897
23097
22549
16948
23348
18376
18243
33039
64950
22677
19986
21853
20536
15712
24428
20217
18619
18859
19867
22961
22122
25269
19536
29102
23126
17495
24105
27688
22599
21731
22956
19358
19780
55463
23287
24262
24006
57066
50701
24740
35008
17926
20933
22917
18200
21656
24002
19965
19916
24268
23120
27020
36117
27391
26986
27458
17178
22557
65837
18996
29180
29312
16634
26319
23481
20457
29819
27765
19959
18918
23093
23294
23505
23053
18827
28725
29218
19361
22951
20352
22598
30420
24050
61218
18782
28838
19515
18833
23340
23042
25319
18251
17805
23712
21314
24302
23306
25572
18325
17531
27649
31375
19741
29705
23758
18840
29100
22385
62160
17881
23283
23613
15033
18229
26051
19656
20355
21432
20010
22871
19257
18896
17445
21576
24038
24470
23549
19953
27459
18892
21288
30595
18240
29549
24090
20080
24213
29206
25209
62275
25439
19907
16535
26716
25997
16551
17350
16661
18871
20108
14990
19005
24806
23851
19957
16538
48240
20710
24153
28297
16370
18665
26477
23294
22007
26655
28300
22164
27507
19056
53080
16481
20115
30848
19693
23236
22524
16770
23278
22478
16928
18217
21388
28719
21120
16274
55645
65021
46603
35865
23212
21285
19164
23292
14779
29089
18891
18623
16863
22645
25261
54459
18463
27619
23439
14041
19866
16940
22555
23360
24042
23111
20843
20683
20742
20794
21954
17317
15548
20215
32142
27668
22751
44354
28746
17146
23028
21258
17692
29498
22577
34530
21702
59898
22911
20251
39003
21458
39316
24806
17151
24506
26560
23156
25407
27016
19667
28873
23561
18264
24076
18626
65297
17137
24257
19718
24395
14991
20856
26138
21703
23012
20029
17609
53289
99567
26032
28539
47790
22092
27222
24195
23745
24471
27082
32540
24491
27584
26902
24227
20899
20389
29654
22321
29033
15950
17476
28816
20891
22103
17468
21924
18214
24287
20145
62439
23068
17328
28538
18781
26389
23028
18542
20864
14506
23588
21059
23835
22803
22479
32558
20909
22642
22285
18069
24283
24468
28264
55739
25199
19209
21367
23652
34150
30347
23500
53780
20587
29074
20751
22010
20823
13579
15706
29306
22433
21939
78714
18843
30229
21442
24151
22657
22961
20066
24558
18494
22838
20997
26749
21849
17875
18031
23425
19296
22984
21746
24621
15635
21227
64940
16044
20525
57881
25058
18456
22355
58750
23384
20200
27288
17209
21605
23998
27510
23601
23514
15535
20303
11508
22057
20592
23837
22965
27383
22982
22581
18930
17796
22646
23653
18291
29413
23595
54580
24326
29399
19134
28582
29776
20572
28881
24354
28569
56641
24444
27594
24488
27031
25776
18425
30109
16677
29558
29155
18982
16993
22783
19799
21256
19138
21204
24450
28023
19653
29487
28962
19130
129281
15482
17285
21623
23556
17071
16138
16401
21989
19395
28148
25123
21221
16751
20738
19044
23770
21790
23290
22977
22709
24809
23063
19807
18428
18121
25907
22539
19131
20248
21425
19200
19504
17093
104844
17168
28350
22626
18725
21302
22435
26571
24334
17019
23484
28817
22544
22231
28287
23833
27527
18671
23401
19244
19158
29471
23038
22697
18349
26933
21752
29404
19198
19855
27170
26984
165781
61611
62398
26769
22238
21468
25360
21049
22688
23357
17215
21726
19830
26347
18900
20868
19240
21127
22905
20824
29459
15769
22450
19944
24288
27939
20889
13900
22040
20880
19670
26876
21664
18987
16993
19242
54819
22449
47797
19952
29386
24100
19167
23989
25863
27062
36114
25907
19086
19725
17649
23248
34565
55457
22213
59004
21005
15322
17027
21653
23317
19309
18523
22183
17431
58603
22442
22810
21201
21501
67190
60854
17950
18995
28505
18678
19507
27031
18487
20747
65622
25213
22749
25287
16536
18059
24512
21810
22340
24560
21447
24187
26621
25027
20755
22749
15611
18469
23353
26770
23088
22238
23255
31608
63255
23784
21711
16206
17322
15488
17492
19574
22508
24650
22573
21273
19919
24209
43192
18273
23363
24320
22392
126833
18875
16277
24810
25042
20830
28347
24021
21153
26923
17715
26599
20360
21330
18996
25519
31613
24908
22405
64354
23803
23451
25571
22587
17934
23080
23332
22384
22501
19003
25618
22528
17236
18817
14574
73240
19033
19586
54528
15650
23278
24252
63044
18851
25139
20153
20688
23147
20347
18277
22108
14902
25026
22796
26856
28390
25435
62080
25643
24940
31450
20588
28172
28776
17356
24447
19322
25494
23728
22597
22002
27812
22816
16721
27579
21724
102721
23805
24192
17854
95881
25272
28731
28844
25551
20081
19652
15159
17070
21885
24191
23478
18271
21872
18360
61389
17421
20420
88257
25173
22037
15309
26327
17162
28596
33195
62305
17540
17264
22275
22931
81698
21676
19860
51483
23867
19982
23848
59024
18132
18013
25274
21926
63075
21213
21259
19373
20763
23395
23353
23952
22396
16957
47038
20306
17590
28774
28834
20082
20674
23840
22706
19556
15718
29918
26474
21737
24830
19818
22453
22410
22836
61490
19598
19715
16247
24093
18227
14198
25114
21798
24030
20409
17823
31540
20988
22748
24662
20500
14095
27030
64001
23102
19432
23315
18538
17184
28117
26355
16456
23573
19169
24837
21022
22975
18819
28097
22410
20597
16664
46194
21792
25749
33367
22457
23510
22863
32060
21591
23482
20456
23528
24604
17065
26500
14040
28124
19373
29110
17299
21687
63534
23424
20524
19195
24011
22646
23331
24333
19331
26969
22709
19921
22352
18236
19854
26992
17978
20296
26439
22754
18047
54247
19509
18297
21281
22573
23046
25033
22915
23670
23918
24222
24591
18877
59716
27997
15697
15881
22963
21014
24034
40041
53619
16909
19367
58883
18968
19378
17505
24146
21240
22946
23890
16916
26412
16312
25923
19561
26370
24811
23038
24700
22050
45579
23123
18624
23143
21411
21416
25392
17498
24727
22158
26897
19197
22455
19240
23523
16957
20591
22640
21689
18297
22100
61977
23374
24349
20394
13877
22808
16117
26193
25618
19052
21511
18144
14369
19748
17167
21890
23790
18792
22889
24276
17930
55097
21107
18167
27294
67421
16976
26775
26978
22424
22206
22261
18677
17705
29175
18748
28358
19527
21962
23093
18654
22523
55030
21904
21218
29132
17474
23404
19303
24886
29120
23038
17243
30925
24897
29867
23516
15351
25045
19114
58358
23531
56707
54887
17048
28309
25035
18189
23700
30919
23358
28829
19566
27692
19270
21605
25121
54554
26926
15917
17866
39173
18895
29155
63792
17500
24079
22137
17713
23379
37959
21973
21293
23916
20114
18719
14745
24865
22558
24163
17524
21117
56720
25205
20667
62479
18414
28103
20436
21107
19026
21161
20832
23243
27652
29056
23751
22258
27270
23562
32656
138474
17504
28221
20491
29529
62464
20326
21792
31399
22576
24999
17225
20609
22667
19190
23088
23726
20175
19189
19444
26301
22870
18078
22413
29324
20990
26113
23787
17520
16639
20505
18638
46292
27702
20102
18592
23229
21058
21037
18950
24086
20093
20074
24587
24619
26089
19777
21102
22921
24399
21911
21411
28057
22939
20273
23296
23399
23563
29052
53940
18696
23023
29845
21540
24794
27542
31849
26213
25947
20662
17226
17422
21211
26505
17404
25083
26457
24214
29413
91145
20985
27650
21102
21004
21150
23661
55887
26779
22243
22285
26993
18940
23324
26477
21736
22353
17394
19190
22713
21535
26406
22970
20776
19350
28827
22563
29009
26371
26156
23657
19397
16397
23516
50723
17057
14993
22721
22266
58391
22821
25362
21213
18368
20033
16634
24660
25523
19093
15153
28148
17211
24726
21916
21274
23138
19575
26425
22194
29065
26372
53637
23548
23038
29211
18870
23318
22559
23423
27932
17184
25672
22636
18478
19307
21713
15975
22008
20121
23674
23120
27615
21067
58021
23655
22593
18348
18475
62614
23009
17658
18732
21469
31699
24308
32182
23824
20554
35640
15378
23446
25082
18566
22467
20284
19164
20270
21610
21367
27901
23917
22046
19063
20351
28341
46501
24221
20800
18987
20615
26450
25880
20628
22002
21095
22601
22446
22113
23190
16049
29103
55788
22586
20979
24393
16924
23386
21610
17217
28554
20651
21749
55367
20693
22572
28197
19807
21552
23671
21771
19112
20250
24657
22913
27683
22998
23014
19633
22575
50542
18333
20543
20901
23214
22613
20706
23524
21390
20228
19297
27762
29230
18572
70441
19902
24067
19164
24313
32847
46226
15617
23417
24215
26245
18309
27712
19517
21208
22675
26357
18002
24643
25777
19583
23681
22431
23295
27684
22880
21263
29933
19750
15211
23943
23865
16604
29490
25982
26589
22488
26896
20549
67011
18932
17509
26724
54909
16380
23237
19406
11927
23936
18236
26306
19015
18457
21304
26134
27270
16031
22530
22319
21338
27852
24173
22834
26651
19231
29562
20934
24952
22703
26796
25299
25575
24699
18598
20377
22980
18246
21221
59455
29073
54452
29374
33070
22714
26408
22796
27353
20918
21051
19787
20857
30033
26468
28635
22209
29109
22313
22855
20217
17444
24157
16933
19728
19006
31461
26427
26818
24744
21147
29198
21730
20978
22029
29939
28769
22281
23389
54979
24019
25939
19831
15737
15123
22208
23364
33619
27022
19406
22607
21046
21281
34076
28078
21812
19590
22278
28480
64879
19797
21556
16513
23620
13921
22004
17520
20943
17296
24278
23843
23904
23454
17770
23626
28163
62059
64109
27331
23798
18265
23688
23954
22900
17748
113868
23742
59959
22417
23248
23164
17080
23063
118827
32478
21069
21599
20808
17076
21913
67333
24638
23359
100662
23293
17342
22581
23839
21572
22800
28917
17194
24909
63196
19891
16184
27523
22298
23121
22053
29896
28466
17025
18840
23412
18384
26616
23184
21291
62983
21138
28507
23828
24018
28993
25368
20129
21853
26265
18042
23334
63159
15076
23719
23111
43216
23728
18123
20416
19539
60317
22143
20775
19054
71551
15656
26872
31300
19044
19004
27836
22865
26448
24019
24453
21110
25183
28872
26320
18986
35510
15634
62762
16299
82269
28651
16452
24792
27595
20218
21266
28281
20337
29438
63885
21188
19690
18690
29633
19109
15807
30336
18772
110293
26651
28989
23504
17547
22426
17431
17223
15944
20391
15940
24551
18787
27089
29174
21907
20805
24105
19070
22522
19802
23138
16997
17955
23392
52893
16176
32177
25714
21913
23733
24174
34483
20035
21306
21320
22140
28430
23976
23492
25283
18754
30141
23832
19295
56304
28194
16430
26119
19179
20237
18093
27436
17871
37328
18389
19563
22879
19815
61778
25650
22762
28904
18961
27580
20484
25527
26189
17714
23522
22940
24500
29031
18710
29008
20755
29121
17175
22763
17017
23967
17090
20903
23110
22453
30532
18755
23091
20168
23456
26944
23268
19390
65264
23159
21371
17616
23187
16302
18220
19131
21898
16403
17732
27360
17826
17792
19371
23681
20270
25995
20542
19053
24539
32321
21940
17575
23012
22753
21804
23798
18880
23476
22630
28303
17183
27674
14211
17942
20553
14715
23632
29678
21668
20071
14551
28530
24347
16637
23754
22930
20780
55506
27419
27886
28870
19162
20292
23792
20886
27212
26539
24077
18955
17364
127327
16437
27204
17697
22528
20367
60391
24838
19356
17296
22843
15951
28245
17925
20990
16894
27573
19544
19672
23292
25064
19008
35047
22542
16233
20594
18963
23684
15307
14371
18075
17870
22882
21189
27411
26136
26559
19865
20465
18633
53729
21869
24539
17043
25581
23378
34659
22539
23074
20959
22774
16673
15014
23643
19310
20924
26705
28610
16764
16988
20792
16921
23890
26668
20438
18646
46814
19128
26014
28390
20033
24135
18029
53334
20014
26207
22746
23583
19317
28769
29009
19417
28159
19732
35071
18224
18174
26896
21605
21712
19790
26351
25949
26325
29172
22364
20671
19876
24009
22288
19579
19501
21829
23661
22636
22890
54068
19477
21618
26053
16516
23286
21944
19076
27124
23272
16712
19387
24377
29314
21594
23150
16971
182192
16638
22677
27642
25965
27239
24955
31579
18259
22980
23307
26526
22476
18141
29646
18613
59528
24169
22926
18719
23261
22691
18006
18578
25340
25517
21017
29113
19409
21654
21528
20217
22905
28539
19689
17681
24460
16538
22101
23578
18325
20807
21255
22641
20853
17759
23278
57049
23122
63539
31786
23560
23450
82174
28288
29672
26261
21871
29846
17303
24600
18936
25226
18628
22414
17950
19681
19141
211397
23042
23627
20348
23219
21085
18092
18324
26554
24360
23352
16962
18867
14351
52764
23779
27450
24867
16561
19295
24434
15168
29093
22662
24760
21789
17204
17919
20054
27754
21232
28612
19512
20403
18381
26245
19589
24093
21774
18820
15446
18249
16436
29480
25605
19261
25779
56876
16931
24220
20778
16216
29326
30437
15594
22069
23901
20807
29331
28900
24594
18992
23214
22987
22564
18434
46420
59146
20719
21462
22571
28245
18654
18039
27031
21617
18556
29385
18756
16206
19752
31131
14172
16422
19022
54475
23754
29033
18941
27955
23309
26847
25484
28972
21741
19440
18280
28072
27114
27058
23602
33812
19368
20709
53339
25504
24177
28963
16623
23584
19433
34466
32256
25756
18965
18558
24039
19912
26240
16507
26195
17550
19029
53771
21939
25040
20808
19423
20055
17411
22248
16644
18531
18785
19553
20563
22480
19114
24555
23577
19027
23690
57219
25084
29101
22165
20381
13413
20592
21420
29539
21362
25044
21673
15879
24710
20498
22078
17853
26636
22962
55516
23924
14683
23398
28069
22810
15573
20610
23291
24834
39308
15555
23346
17580
18955
17060
28857
29539
22252
54764
29733
22876
20217
16702
20463
29111
17649
29126
19084
19840
24615
18691
21250
23538
18828
28395
25809
61202
52330
31737
38408
20806
22137
18751
17206
28971
17364
20867
20549
21889
60013
19889
17919
16008
22710
28564
20591
53073
24287
19704
23147
15790
18157
19342
23456
23650
20330
20714
23362
21049
22488
48588
19960
19247
21155
19047
54737
19960
20621
29739
28230
23650
17151
23426
31983
24144
20353
18068
21003
24563
23939
16122
29411
19382
20910
45509
24072
21257
26174
21904
19719
20016
18682
16070
25269
18387
23892
19421
25088
18338
19671
21173
28738
20131
54979
16835
24674
22834
25444
20148
29312
27061
24151
25754
23447
17870
23853
27194
26430
23509
27742
31691
22840
19502
19443
28780
25256
29124
18601
16001
23978
20966
29726
19236
18406
23771
21203
21298
18732
65667
16571
19272
63954
21549
17673
17192
25010
26531
22816
16339
19021
23279
20711
23397
17492
16917
18576
23487
19963
30269
36781
17315
21423
24908
21872
16323
29267
17291
20469
23121
15174
20482
18579
57056
46116
20411
19768
22076
26042
28010
16256
22554
24040
28856
18959
21931
19185
19616
18656
16781
19239
26243
18795
19376
17904
20523
18968
28281
20001
18698
29548
23112
16454
22284
27202
20983
25193
23985
19556
60019
23589
23280
21833
23500
24352
23012
21782
28069
17652
19393
22601
18534
16788
21136
17903
24436
19098
21370
17262
20612
17843
47468
20259
26077
30193
26413
43100
25794
16612
20745
17487
19355
29299
22961
51766
25834
26243
18282
20929
21936
20517
23761
23717
22542
22815
103139
24189
18871
27357
15259
27083
16184
24361
21232
26410
29616
22758
28051
20938
18842
22738
16756
22721
20994
23029
24871
29440
22452
18460
55389
22987
16557
18026
17089
33026
20147
23760
29370
20857
14810
14935
26188
24026
23819
12203
27202
22090
20117
18324
23042
26201
26642
20899
90466
21623
22912
24516
15936
21895
23258
21169
26845
18375
19345
55609
24248
20951
20711
22400
20866
23805
13297
18114
22834
22976
24742
20739
21320
17241
17309
22669
20421
20251
27500
1197126
27594
21362
19476
18736
56450
137740
25382
14889
114297
21348
24246
81717
20343
22770
53747
22020
29600
23133
18879
18741
24127
23356
24165
19383
28669
23409
19332
17257
20219
20568
23911
21724
29542
63624
27764
16917
61788
20314
14881
28793
21038
18025
16485
26007
19496
22881
22822
18679
29227
21492
25727
27502
54006
28043
28679
14294
25136
23212
25819
22664
21506
21066
12672
16462
19844
28090
23702
18204
21920
28190
19303
52727
17747
18141
18802
23875
23791
25497
24212
21975
25070
13746
23993
19379
25663
16574
25778
24319
23337
24236
53126
26028
20444
26856
23304
22631
19627
21898
18258
18508
18775
21875
28744
19608
18362
21859
15687
21940
19778
54314
27547
27774
23596
46348
26192
23211
29756
23604
23375
23109
22775
21929
25425
31701
28676
21347
27954
22660
62301
22790
46827
31950
24279
25282
19232
53055
14897
22986
20023
17766
21014
18726
16297
27555
22243
24062
29092
57876
19642
22663
24284
22812
19741
23367
17168
19473
28204
16013
24219
47948
16850
30120
21573
23850
19486
19563
63564
53275
26032
19581
29355
39232
111594
20703
30183
23065
21018
25341
22965
26861
24730
26981
22033
21617
22556
58492
22861
151864
19612
19248
28774
21841
19570
22287
19773
17672
25796
22998
23614
19685
15473
37238
23304
14450
63891
21305
25950
56058
21303
16773
23006
22778
37459
23030
22990
23209
20930
18469
16516
22590
73501
20147
18283
64789
16126
57047
18533
30561
15335
20167
22220
19020
18733
22493
23373
24951
28286
25950
21166
27890
27508
23418
23616
58878
16666
23622
21114
17069
17330
56561
29054
25012
24779
26878
28688
54137
22565
21616
19891
19222
26280
22941
19361
19821
31771
27230
27417
25158
37471
15885
22936
24953
22843
24992
26933
61413
18092
25447
25222
27782
24743
18174
19107
22863
18254
18770
25793
22864
16991
13284
22595
23519
26729
21590
19803
25310
23541
19753
18644
23048
24581
55486
19141
21202
23149
41327
29209
21615
23629
27957
22178
32040
23575
23250
17685
21606
22357
24229
26915
21455
16897
25388
34495
23786
24592
20766
19483
55735
56863
23256
22732
20320
21422
27056
20664
23458
17840
23049
24991
28439
20574
19710
16333
51290
55136
93002
17878
19102
28692
22867
23396
25996
31829
47003
22842
21950
23488
20155
21768
24448
16489
17940
23810
25945
15373
15246
20866
18549
16492
24068
26275
24917
29525
20642
20892
22074
23821
22108
21574
60848
19813
30023
22044
21895
22580
20729
24034
22053
49029
24503
22381
23880
22619
11952
17501
24299
20354
25003
57311
25624
22089
23246
17511
25882
23810
63031
17973
17062
20640
21611
23078
23418
19401
20895
17408
21112
27135
14745
24551
23660
20992
19736
26740
20452
59516
58867
31119
20096
24528
23250
16540
64196
28303
18223
22558
26165
16958
29232
15287
17950
20168
21279
23683
19111
24904
57431
19198
19636
29144
20992
19935
23381
22680
65169
18074
23164
25775
59047
17702
19728
22000
27163
30160
25427
26339
24172
23399
20689
23775
32550
20895
27467
23119
15676
17800
28948
16978
58562
18410
23306
23102
24133
17638
22451
21827
20136
28847
17309
17683
22569
22924
19324
29776
20869
23021
24541
17701
60185
16754
23230
25337
23560
24123
24423
23856
22126
15757
20981
24325
21180
28397
21644
23611
22097
15657
26383
25031
63918
24819
16958
18702
15426
23134
29261
25470
20238
18136
21346
20560
22680
18259
19717
24471
25519
30661
19092
29697
92462
22981
25599
23463
58760
22705
22250
15963
26326
20780
23028
27910
29264
18544
26391
27196
25537
24622
19345
25959
61014
21789
23457
25527
28752
21543
25212
20639
20711
24054
16739
19848
27786
24409
21247
20291
23571
23934
63982
21971
53325
25642
23789
23238
15929
20716
22667
19232
28002
23614
19860
16869
16756
23647
24525
22135
19213
23186
15516
58760
56482
20421
17865
21979
21729
26702
18499
21687
23909
21040
29686
18046
19515
20782
22863
23459
18150
29070
18118
17357
61888
17076
22799
20234
22640
22953
25880
23167
69229
23317
26425
19853
24669
28223
18890
18399
23735
21608
20073
17591
65332
20244
23110
20211
25891
23735
17674
31153
21924
19127
26643
36285
26737
21519
20618
21964
27360
20560
23849
24403
59799
20967
15685
25826
18471
29589
25072
23164
56419
24497
22312
20489
21741
15690
22868
23931
29379
22939
30278
61479
20031
19345
14307
25458
18743
23820
19664
23054
52837
24259
127344
20842
23330
20729
21071
26094
35588
108172
22602
20812
29132
16322
29774
29147
23907
18234
60080
21559
19546
20132
19686
23204
24844
22169
61343
21270
26871
17260
21818
22474
19933
27702
21152
24157
47859
21644
17234
28930
20452
20768
20713
23220
26692
17171
22323
22260
26898
26300
20232
19645
23035
23858
24692
19600
27197
32979
19325
19505
102736
50928
22714
30520
19184
28504
25428
21412
17337
20679
18668
24558
16889
20309
22846
21748
20140
15417
1668275
22304
18688
30305
17144
18572
19978
26421
23820
17532
19632
25604
22542
22126
23603
21444
23589
19460
64538
26364
24820
26951
23000
24452
19908
16607
22352
25926
22661
20635
27647
27172
19044
16698
19485
31270
18452
16406
20639
19022
19965
27348
23769
15510
25264
24861
18131
14300
20904
23405
22018
19303
22429
52157
27898
23124
18533
23580
65164
27561
18691
24888
35449
19386
27124
19219
18467
20224
14873
20894
30120
23259
22688
23161
20901
21838
19657
21732
23565
27260
23784
28119
27106
29666
20525
23558
21065
21418
51371
17104
15907
18021
23250
21074
28122
16235
18263
23462
27253
25329
29338
17962
17338
24165
27580
18998
26750
19812
34564
18163
22880
19077
23152
28234
21685
22620
18805
18166
28405
25911
28454
19554
19265
62426
23769
19724
19810
29020
23297
61116
19501
23708
19308
30039
19189
26622
27095
19190
26560
19623
28611
23520
24263
21563
20369
24993
18450
27573
22753
27471
17158
25056
32887
17539
19489
21474
17494
18289
56963
27136
19465
17105
18484
25388
22696
29648
21169
63870
29275
23189
28021
22602
14418
17272
25572
20643
24063
20646
15949
17907
46442
22343
27222
22677
27093
21456
25919
27078
22988
18096
20933
27683
24247
22266
24992
21034
31831
23988
12630
29378
25126
21494
55650
28516
19394
24359
28746
16641
18634
17759
20565
24145
16466
27278
17171
20260
25145
20495
20887
25663
25198
47295
24148
24434
49832
26870
24486
57275
26786
24493
19704
25621
22899
28988
19554
23294
23972
16307
29386
25110
24986
18100
30607
21581
21840
23645
65130
17325
18648
26219
16473
15997
17369
22875
28408
22522
23559
18910
11761
18020
18126
28777
18584
23025
21522
23599
23452
23367
55444
25946
21957
31784
27687
23297
24420
32775
25263
18188
20969
24454
20522
21523
22937
20208
25293
22029
335588
24282
20292
24004
62532
20348
19617
21710
26656
16828
18270
14970
16279
23378
26001
19680
17427
95519
23529
19179
91387
18686
18766
18325
25030
20047
46683
24771
18669
15109
23411
21496
17347
113654
18842
18066
23031
27511
19732
16424
16169
23351
25506
24437
20059
16390
17077
20085
54841
19444
75606
18702
18159
20445
23172
27337
123490
21832
22411
19342
18641
27184
21362
25995
23321
19445
20290
18835
129167
21692
58552
21145
21372
27241
17852
66968
28884
14661
30192
17206
27456
24423
18219
29502
21536
22742
22424
23440
25132
18933
21176
15112
46135
21272
18520
20692
15925
19797
31971
23416
19330
18135
24104
25545
17608
18871
25072
21125
20219
20393
19340
23759
17763
20250
27626
48271
29727
26699
22158
23062
31860
22533
22710
23242
20687
17981
18631
53720
23808
23333
17806
19998
23452
20167
27904
23116
18851
15688
17543
23621
29080
21171
26060
22980
23543
22900
27455
19414
14756
18210
23590
23481
19791
28133
18670
29576
29644
27804
24220
29978
19766
20494
55221
23307
17669
23560
21442
20497
26207
19504
18801
22647
24274
357800
56763
18625
22272
24869
26218
25180
23167
22246
68001
19438
25163
27651
29019
87988
58236
20172
18631
17140
17871
22221
16183
20710
22913
53606
18177
16567
19061
19860
21827
29048
23414
30082
26323
29497
19252
114021
22928
21396
21714
18634
20538
18172
18505
23048
17444
16145
21708
20185
29391
20117
21922
16705
22604
23257
26715
21551
21322
23798
68308
16223
24372
21626
21016
23390
19380
18274
22528
31292
22815
19393
21840
21752
29399
35846
20979
20665
239613
20502
22448
22507
18694
18776
20529
24603
22789
18835
27745
17817
17497
21551
17845
18367
22612
56128
19300
32689
29366
21433
18708
17171
21370
22250
23680
18607
24597
20496
23290
23062
22706
30405
23648
23929
14882
20714
21169
19128
22727
22552
20041
22804
22549
214823
22902
23467
15372
62124
29116
20475
58834
23311
23042
22213
21707
22224
27728
27429
27459
27222
29559
27431
19751
28993
22381
20801
18663
20768
22695
20777
23050
22400
27509
23317
23216
15364
21298
31351
29051
18066
19771
19407
17737
20979
19313
68025
19830
61968
30251
20788
25039
21654
19226
1253082
26003
16530
21866
18919
18842
23354
65063
27870
22815
26674
23104
35173
18869
22273
27547
15212
15805
20169
24637
23968
22281
40251
23603
20290
24361
20442
23008
22779
18409
22276
61016
20181
21626
31540
27294
27235
32195
20685
19714
23694
22825
64393
17685
28381
18060
17626
24428
16310
22453
23046
21297
24757
18094
21440
18445
22801
25887
59031
22584
18370
20560
20423
18046
21954
22222
28056
17516
53134
18644
18040
27542
26525
23244
20664
26394
17291
29442
22083
24954
23484
22938
18004
18105
18168
22198
29042
19760
21656
22637
19380
21138
27390
19153
25830
16173
26354
25622
21514
22911
18114
16761
22208
21910
102795
60102
18907
103949
24792
23050
23316
20487
24431
15417
18481
23265
22960
17418
19659
18198
17490
15210
23345
28923
21668
23228
19645
21713
22386
18221
18714
17950
24101
23848
22737
20379
18181
17506
23094
23201
24827
17837
57813
29360
19992
22030
22546
21908
24708
22547
22395
25303
21094
17669
18468
29520
17861
20777
20546
16891
23027
19520
18412
21198
17063
22478
29968
23502
17475
18230
20689
20849
27180
17818
20102
21289
19712
26919
27787
50547
22961
21006
23470
26483
19737
21869
23795
24628
18992
23231
19259
24105
24260
19475
14863
20099
18319
19675
22771
21415
23255
28117
20150
23133
23779
27642
27487
19226
17339
20458
21821
15950
28584
14194
21773
23222
61263
23634
20154
15949
57398
23967
17644
17556
26406
28032
18202
22339
25229
25792
20675
26204
17091
21196
22104
64129
21003
16867
29901
28787
20364
21351
25144
29233
19632
22021
18253
22831
24784
19413
23605
22004
25477
22887
45497
20314
22509
29351
28098
22113
22634
21431
22830
25771
25011
21215
20730
19324
18536
16900
20831
25686
24702
59005
17699
23527
96766
29695
20477
19757
28616
18777
24770
24466
22670
20087
27036
19475
20764
23452
26910
20255
100991
22666
22010
30512
35866
23741
18855
22594
24516
22821
20828
23026
20735
18032
22284
23638
21302
20886
22655
61683
24251
29256
16805
18883
64576
16137
23690
22751
24945
21220
18089
18898
17857
26678
21146
27897
23098
18732
56516
18459
21384
58957
19461
15395
23369
23268
18949
22103
24709
21133
27514
18376
20065
19722
24790
23054
26054
36953
19498
21113
23326
26634
28465
31040
18813
20284
24596
20819
21696
19693
19395
19592
19536
23051
24836
23359
49498
27754
19042
16644
104736
25013
69921
25810
23743
24100
19723
19118
12784
26907
27336
18378
23581
24521
49066
53006
23337
25432
24737
20379
18310
18988
21878
22183
113901
20273
20647
16248
19455
29860
18498
27458
26335
19260
50768
21505
20718
62368
26052
17902
18660
26010
29376
17109
22788
18922
22997
28572
23865
23382
29241
18525
31338
54852
19851
24601
17320
22315
19154
20266
110950
17198
23803
20134
16548
17285
15796
23753
17439
18607
27235
19117
19945
23815
22791
21022
28768
27154
25924
18835
25520
25863
18649
19097
27278
22587
16123
16107
54894
20289
19564
24898
20940
25664
23370
22721
21597
25348
22726
17697
23281
20818
27722
105767
22401
17643
23268
19805
17892
23340
23671
15902
17322
19403
20724
19140
23209
18478
20118
25307
28320
100555
26873
54167
27301
34967
19778
24865
17463
23981
21373
20666
18953
29404
18654
22902
17827
23597
24434
30199
19121
29150
19051
15853
23683
23241
18672
21448
27031
19071
21705
24150
22724
22272
21170
17322
29541
19182
46033
20667
29107
24118
63743
26025
22242
16846
21795
21398
21370
20058
26905
20582
22662
27185
26648
23057
21031
26990
22380
23967
22533
19903
23367
26221
24446
19921
20497
28942
25981
19200
22144
19556
20492
68514
18225
17339
23254
21129
21815
22788
14971
23347
23083
28028
24634
21793
24365
26305
20884
19408
16711
19357
22614
26480
27513
15950
119232
22605
32463
23010
23439
17451
21533
20860
15851
29479
26420
17418
62295
22681
19898
22382
23788
50424
19663
28488
17722
15561
20292
23013
25099
17952
19946
22693
20718
20860
27068
25250
20646
20377
21827
20664
19699
23764
23150
57167
19851
36486
23380
32864
27662
27912
22455
58572
19568
23129
60141
81552
25185
18689
23976
21447
19294
16164
22371
17429
21820
20805
25804
19298
32751
21481
21836
26914
17156
57391
19034
19794
26971
22007
22380
62405
19063
63418
19758
20015
27677
19782
55900
26236
25680
17844
22463
25147
19675
22699
24395
21422
28958
18408
20165
95711
28164
21088
20664
20560
23990
22826
23631
50214
23052
16609
21204
23223
20952
23183
22492
17121
18365
22553
18559
19305
22438
25726
21146
20322
22678
85210
62383
23447
53968
17808
15443
17897
31507
21557
35441
22863
23425
23129
23659
25039
23754
22450
27038
26190
23923
27202
25759
18561
39383
67282
18958
20416
18428
27724
17824
20038
17527
21461
23266
20300
21155
19906
47498
18791
21136
21666
21997
23959
18428
24897
52165
26450
22501
25171
26600
26900
19783
24148
22553
17745
22646
21828
24228
16999
15938
17010
22135
19618
18033
17705
21656
52939
28971
23799
13743
16443
58972
28218
18154
24175
21979
13784
18204
262182
15987
29377
26165
15392
119974
26539
23717
181946
54838
25769
18640
22433
69806
111247
16806
26420
23436
97829
15237
20795
26800
23304
17490
29442
15200
24020
20287
27578
18304
46554
17842
17510
18285
28319
17706
19895
25947
27052
24082
19490
17568
18419
30332
17866
27294
19429
22319
57795
23098
19030
62017
26490
18060
15071
21768
15271
17423
26835
24142
23114
17597
24114
17451
31654
23056
22312
18594
18472
22955
57020
15933
61777
18874
18912
24650
23485
23438
26063
20867
22847
22477
26061
28027
20523
29039
19666
21838
18172
29749
19972
21553
23489
62677
19079
18326
24550
21819
57095
17631
17902
15099
23456
21478
26376
26434
33633
26829
27228
28212
24590
21191
22309
23392
27570
64900
28424
18436
92785
24227
22059
18812
18405
19507
24388
20281
60795
110096
23598
23243
18441
20555
15214
15488
23936
22186
20591
54521
18127
16793
23146
25841
23405
19492
24667
23776
18046
22705
34922
21655
18288
22411
27032
25768
24287
23015
17000
32017
14989
54191
19144
25096
18974
20562
18948
17002
20579
26545
23425
19422
22968
18813
25679
20283
19102
23718
22883
19097
20536
23124
22734
131118
28662
22595
20838
23584
27439
314274
14912
17171
29106
22402
24437
23128
27852
18964
25096
19542
27077
34382
22249
23596
17832
62714
64288
18728
20802
16980
27259
23923
28937
13407
19151
22899
23411
12702
22669
29360
14351
23189
30072
20596
18136
29867
26367
60448
22410
19754
19585
21974
24651
23674
15446
22587
21302
18332
21644
18508
18246
19641
26674
25757
25617
21926
15070
22378
29928
61358
22696
23207
21082
22276
25528
25173
19667
25430
21271
29179
23351
28721
23640
25533
17831
21626
16874
30694
62317
19772
18998
62957
23057
18337
18469
24928
18874
24205
18616
20898
24010
15936
22828
22722
21604
29039
25517
21856
25435
24427
23689
18780
27232
54038
29174
19699
22548
29326
22661
28773
22270
19251
29723
28690
17839
19526
22093
25067
16998
19957
25044
23818
19534
22466
26533
65455
56468
18862
24639
20991
21117
24927
20515
17197
22559
23070
23631
58470
19817
24558
25582
19166
24276
54536
12657
18376
17438
56317
23409
22941
18442
20962
19642
28795
27888
70005
118688
24219
22421
14533
24540
21453
23338
21653
20417
28739
25675
18403
22057
29301
22418
27346
23224
22532
21402
22648
20378
23254
16902
22207
22864
23600
25063
53974
26859
26750
34670
33445
20858
20322
22123
16363
85846
17742
28657
25558
20871
23977
19086
23069
23511
23366
32884
15665
23861
22309
28531
23491
19274
31268
17896
17874
22660
17275
21886
23549
18500
19772
29186
62776
23931
15325
17152
23191
26671
18630
24659
29159
32322
64950
25886
24852
12439
25174
22816
23572
28598
23385
22014
27167
25257
22447
22025
22613
21530
23986
30594
29147
22676
36887
17375
17461
19264
24966
18158
45668
18998
28884
24469
16428
28726
26423
23549
16197
18927
28171
24961
23964
23015
23540
24365
15646
21762
15252
23954
21528
22802
20476
110056
23573
19056
19635
22542
24679
25358
24220
20953
19917
22896
57137
15312
53437
22536
17312
17667
24789
27296
29143
25189
19023
20349
26238
19361
24902
19064
25409
28179
23741
19999
23373
21542
29765
59399
29235
17888
26613
35240
27129
24681
17982
17662
18205
17362
23709
21726
27584
20591
53686
22582
20786
29838
16970
23695
44941
23394
28519
26909
25092
22468
21054
19333
18922
15348
20995
17541
21810
17465
61229
27154
30794
25549
30060
21097
20088
23346
22525
19774
25948
18299
24646
28657
24646
26168
62417
27805
19864
28902
17269
15065
17678
109681
20476
23649
18041
20077
18972
19024
25863
22837
20053
23169
23403
27658
24539
26787
16015
23965
27001
23146
25917
28697
21901
23073
16487
15584
21037
22438
15602
17894
53489
23073
23245
16854
24729
21616
25310
25462
20780
32080
19490
21935
23895
27544
22986
22408
20695
22275
29105
17043
25625
24202
29011
23678
23159
20666
22469
18112
17250
15883
63810
34846
25431
25613
28009
28653
19410
15904
18261
23201
15619
29546
23338
27509
24175
23375
116626
21526
23388
21642
26472
17453
33413
112485
20450
16935
17637
365469
19216
22362
54960
19263
32209
24570
19270
28786
15519
27722
29035
22691
22559
23265
22156
23403
23471
29938
19448
20004
23882
20465
24978
18479
20524
28086
23480
19394
17487
24042
22863
25037
54683
24290
37450
23542
29213
23109
23704
22847
22262
16373
23474
26420
21916
21826
17933
19940
27062
18180
19720
15833
22934
27755
21608
19610
25809
19502
18835
22825
24055
18135
54751
17327
17565
176902
22771
22823
22185
23950
31532
222489
23445
23935
23270
19855
22709
23079
18328
27177
29340
17929
18818
16224
17898
27482
22551
51911
23059
21596
24714
20920
54170
18864
24453
28936
25466
20988
23611
28222
22175
18172
23564
28521
17405
21179
25037
21920
20134
23632
24912
17385
25871
19435
28857
23516
25841
20091
22670
31173
19659
29218
60019
61256
22813
22093
15161
18724
23069
22006
23185
14583
18716
23124
24267
25829
17398
23344
31979
18648
18231
24508
20795
28148
27051
25234
22530
20312
22672
23441
22547
17389
20752
20415
19110
22162
54122
16968
20861
16910
14381
25164
21822
18969
22453
24674
22955
20948
21634
22945
20026
20322
23397
28401
20243
29569
19552
23730
22189
25185
14074
26234
25938
25090
25158
24639
19890
23698
25124
19203
52941
26821
16872
23090
20064
25159
22319
23998
23423
17818
19536
16349
18954
16571
26240
17080
19264
11189
20798
23404
128621
23460
17768
16403
16100
27467
18263
17535
21424
19473
18204
25587
26374
20552
52485
24009
18663
27507
20235
18272
15353
20349
15483
23457
21711
24709
23552
19556
23432
20602
25171
23511
19535
20559
25049
29873
23279
19084
20506
22819
23193
22539
23843
16026
27720
20347
17943
22847
54905
21901
26033
17067
20920
17810
21082
17721
20151
18503
19390
22744
23103
23715
23334
28517
21037
17098
39479
21602
18675
22353
19271
26103
19110
29149
21606
25028
28318
20587
21159
18861
23025
22119
51696
16756
21256
23894
16014
19980
24291
26136
26121
27511
25447
26240
20915
23731
18612
25025
23097
19249
28040
16195
23052
22560
22748
23099
25063
27923
23649
19403
23672
23409
23263
23222
21892
14683
67122
24373
20021
25466
48060
29110
21986
20303
98411
15578
23777
20942
18108
21647
25226
21613
21521
22720
70054
29461
17392
78046
19935
27343
16366
26485
24059
21700
23319
21445
20744
23401
18357
23563
52392
26650
18461
19384
16335
19284
28263
23092
17889
23716
19467
23275
22837
19071
20796
22844
18064
24388
33522
33529
32681
26539
35220
22546
20639
90488
236483
21256
16460
26277
27470
22067
113234
23116
20072
16955
23405
23251
16090
22728
17107
23617
22474
22942
22889
21045
23462
22534
29229
23365
18956
23746
68637
21936
16325
22976
23123
22195
24990
25182
27015
27487
19025
23802
25705
85955
64010
20477
21428
25381
63145
15364
22442
22479
19839
18257
19680
19411
18267
22475
22544
24015
28235
21859
22421
22520
20537
21854
62826
20851
19493
21343
23489
18975
17569
25450
25736
25799
20757
17741
20854
28070
19017
22762
19911
29141
54163
23237
35792
23662
20322
26430
18474
21652
19239
28652
16407
21012
23419
124985
20250
15058
12212
21149
64146
20231
19296
19115
28994
17229
22844
15588
22059
19858
26687
14766
20403
23631
24026
20559
20086
18442
61381
26512
17990
26784
18851
15623
18251
22213
23332
25975
23782
27324
23107
19119
18274
62050
23616
15349
61192
26185
25167
20562
24963
14495
24613
25845
23870
20742
28790
23483
22968
17050
29906
16290
14143
19917
52817
141140
22237
18194
21183
24259
22140
33049
26251
23672
23036
24746
24657
26980
20625
38251
20327
100924
62584
18298
22694
22265
21231
19365
19586
29226
16298
16816
22693
26295
16572
23695
26578
21645
19581
22979
52047
29662
19244
23098
23417
22271
21562
23143
19847
20746
21635
18249
23977
22566
24574
21035
16959
21020
62369
16785
17041
26317
18172
22855
21858
16908
29917
26531
21395
23353
22703
15219
18445
24833
22611
210686
20162
55165
21412
18716
18502
23430
29240
18815
20477
21424
19370
75579
21684
24046
18490
19438
23152
21303
20172
25263
64187
128785
23646
22607
25928
18510
20764
20069
17068
20061
20694
23444
22703
23667
23261
25498
22431
23709
20727
53275
23106
27626
22376
23532
17466
18004
24194
23112
22945
27410
22216
22754
17867
17918
25626
29031
21356
29919
53968
16197
17711
18622
22113
25000
22059
22415
22768
64350
18954
13618
29927
16939
23217
26835
19442
18082
23824
66664
29419
20132
24620
27444
15657
31063
18069
23797
19665
23190
21973
29096
20858
22520
23957
24775
23112
89019
55784
19219
19487
20156
19303
23598
28455
23147
34202
25568
58311
20530
23321
17720
14709
29350
15478
23865
23289
53703
19303
20885
22516
85112
20469
22660
20617
29657
14833
16542
27903
18993
22451
17523
23559
20461
16297
21894
55135
18546
17863
19565
23093
29063
23071
21968
23854
23191
26642
17133
24900
32878
17740
22885
22150
26413
20401
61400
27483
29437
24487
21367
49008
25930
20366
18369
18578
20622
18566
17144
17933
16018
21116
24890
30253
26801
64010
30149
22969
19456
23124
17991
22549
21524
22642
27141
21138
28547
18911
22659
21992
23646
21416
22117
25141
52711
24520
25964
17850
22452
22810
23345
15046
24758
26489
29061
23052
21171
20126
23975
23423
25977
20501
23494
62255
42816
28662
30928
15961
21499
29784
20778
20637
19184
19791
23560
111933
23355
23348
28598
19692
28419
26382
21346
24703
21371
16853
54018
24053
26400
21767
20945
32536
19612
24970
19932
19758
20729
20740
19038
16512
23063
21657
22500
47884
19750
15326
28816
98606
15311
53719
20465
23310
18825
18154
23174
21687
19313
19571
24459
19429
19053
28485
20144
19057
20579
19768
19568
22280
25198
26669
24918
24588
68102
26211
25536
18102
33107
19644
21724
28467
20300
18904
26124
20750
24196
29324
20947
26187
20964
24192
26367
19523
22765
31284
27607
53588
14684
21730
125193
48871
16866
18889
22938
29340
19998
27016
23321
22365
20853
23792
23786
26997
20085
21654
18140
36716
26367
20925
58795
17378
22750
30145
21286
26613
28628
15245
26003
24312
17153
18338
20816
19345
14969
19415
17620
24804
22999
29118
23033
18414
25665
66116
17463
19208
18373
27726
23814
39935
15441
26137
16203
23258
24334
23792
24172
22721
27720
23697
16269
22302
26199
23106
28368
23337
60052
22233
21671
20064
21344
23013
22272
23433
16598
22431
27113
17550
17273
24690
21763
24355
23472
23590
23079
19811
23376
15678
22597
65351
27669
18468
11662
21770
19899
30933
21299
22187
26609
19177
24582
25566
20787
21020
23946
19233
18546
20201
24000
58286
26156
26468
60052
18855
23702
26205
17832
26501
29275
23337
17400
22606
23316
19239
21342
23534
19211
28627
22961
27075
22322
63297
63737
19655
18507
60797
23209
17603
15075
20754
19728
20713
26751
35430
74268
16969
22289
19510
22052
27118
20037
27618
24031
75748
18027
18952
17860
28390
69496
20546
19599
20310
53609
16085
27090
17659
24235
20258
26026
22269
29923
22632
22911
23818
21767
26319
18555
22292
19563
23980
59499
17766
22995
94804
16295
17394
21970
65985
24289
61738
20426
20732
20791
23318
16263
20069
22926
18475
24777
18664
20734
18284
24013
25514
18292
20335
22628
25260
22768
27969
21122
19698
18169
18606
23011
16766
54441
22424
22488
21596
20422
25997
18419
31177
21147
26073
17515
23498
56284
17479
29374
16644
28012
17240
20223
22892
17247
24462
59031
19024
29531
17357
24197
58617
21664
23069
16086
23085
17516
29550
24104
22880
22271
23326
25372
25602
16634
25491
20789
16005
24262
15158
16865
26340
26052
128899
18636
18594
25847
21337
48525
16271
25324
18769
18295
28365
23435
20066
19876
21595
22478
16929
22920
25150
25417
17872
26810
28232
23646
19627
24036
21034
20571
22234
26912
21162
25148
57738
19904
18490
18098
18322
20722
15864
20077
23003
19811
29357
20620
20922
18978
18942
34488
58817
25344
66498
20690
17921
23493
22906
25532
30092
20461
21920
58134
27378
19641
27026
28471
11094
24029
24113
17190
28913
25449
17434
23897
22400
28385
23248
23665
19292
23401
19820
21874
22875
24889
21168
16362
22988
18143
58591
19445
18348
15703
25036
17448
19342
17591
27224
21546
22960
22065
24134
27190
26978
25940
20751
21421
21943
13423
31290
20001
20805
18842
20776
22897
22585
63951
23754
27282
22557
23320
22887
26072
17522
18163
19238
20361
27970
20342
23121
24874
23421
18839
23171
24680
22948
19250
21990
21561
19530
23606
22148
17418
26668
23150
21986
22811
18937
15498
24406
75922
22516
25280
47571
23410
18594
26099
19039
19701
21285
19847
27307
21348
29711
19735
19197
20408
20983
24133
17703
20193
24365
16959
56527
18598
17942
20525
14519
25671
12660
19912
33129
22670
23380
23479
22895
27228
26026
22773
22669
52236
18627
27344
31858
22049
26086
19828
18132
20713
19785
22925
29656
17320
22536
23332
12619
18043
23324
21497
19927
29042
23481
16477
22494
17084
26330
23039
22965
25133
18427
19378
17394
56927
24215
20577
19655
18032
61205
27512
20076
23235
22663
29684
22635
22217
17735
18917
28625
34939
22256
20806
22979
18732
29698
30364
28967
22652
17391
20718
26141
19557
26190
23692
23271
29490
17489
19091
25889
23973
17938
18749
18802
21322
29866
50596
20543
62839
18572
22794
32803
21917
21467
18988
26121
22467
20500
32420
35682
22467
35343
35420
25685
25289
19262
21850
23569
19482
18309
22671
22782
23280
26745
18259
18162
22512
21589
22907
25192
19547
23770
25657
66852
31041
76198
23549
21644
17366
21034
27989
22837
20123
24664
23228
18654
19079
30764
21225
24540
24949
47651
18200
17348
11538
22517
20764
19669
19086
21160
21935
16539
21731
19314
23217
19032
20925
28862
18213
25596
61158
23123
28888
19553
28747
18198
17610
18819
23284
24034
17496
18132
25982
19797
19298
64085
25098
21789
20147
20646
19242
21882
19287
19698
23339
21045
23059
26154
29938
22852
14464
181828
25979
19964
16327
16722
18798
64321
20684
19002
21667
25633
20417
17829
17875
20052
17267
18708
22701
24830
21691
15388
27506
27950
23037
19678
22619
23348
20693
29173
22697
23594
19573
24200
25667
20810
62019
23061
23109
24059
19720
17805
36318
23534
17678
28830
18210
22965
23541
22111
28678
19409
29006
19490
24462
26476
35362
25550
19131
23000
28134
21274
28773
20933
26066
51900
21848
26496
28584
22157
24017
121641
19518
22789
17994
26778
19946
16196
17487
22401
27575
19717
25741
19961
26986
14808
26024
23445
20427
16154
16822
23089
22997
19192
53600
22945
19389
19344
22340
24237
20794
17526
21767
27035
20503
23851
32003
20956
24364
23504
19683
20161
23182
27190
18438
28610
19692
19794
18658
29319
17382
21343
23670
52086
29026
22865
21335
24083
32128
22162
21705
21508
17143
18776
19134
21914
19667
21755
23500
22157
23287
64519
28732
21805
22242
24696
23157
23751
61705
19853
36295
22279
62076
19297
26075
20625
16569
26358
110326
29387
17514
16935
19238
21342
17672
27223
16983
24895
20168
22243
18950
16333
20130
21850
19926
20501
24682
25553
27364
16333
58514
53270
29301
25336
26341
20794
23874
38041
28840
26543
118636
17744
30344
23650
19737
20324
24356
21989
21985
20917
29759
24836
19840
20666
19692
17141
26848
19361
22111
28973
29513
17360
20243
124351
27490
21492
22774
46227
23326
22845
25943
14452
19476
21798
19092
19256
27403
30140
21650
24859
134905
22919
26253
18094
28140
22498
19091
14311
27069
26782
28827
34719
21943
33538
33208
26482
25997
25040
17923
26894
23984
20889
61325
24031
29195
18883
19317
20718
24861
63726
29784
22508
25784
22429
23350
18483
22083
23108
22944
17716
19036
18383
23531
17499
17279
28569
22871
20785
22750
25740
21795
19890
112391
18787
304852
22668
21350
13487
58429
16575
25753
18232
22194
21707
22276
14263
25634
29105
29460
23143
23735
22047
23533
25331
23479
19020
22582
19311
26393
158159
20010
26702
19403
27835
22059
20204
29047
26243
22973
24288
19239
22965
26415
20774
45054
19386
26506
56672
19301
26604
21195
23308
21432
33788
16313
24453
32772
33819
100287
22010
19978
18078
24061
23192
25889
27447
17422
21034
23337
16402
20670
19480
23674
25275
22552
22679
23705
19899
24194
17229
54751
32167
20825
22607
17323
22653
47382
19434
24142
37204
18376
20038
19412
22205
19445
23829
26903
20103
22457
21293
27578
26800
19499
27480
21919
16982
27814
15940
16849
29231
25606
33717
23108
26152
17324
28702
54098
26714
22860
27836
32104
66938
22149
26638
19428
22822
26598
392534
20851
21108
18350
21924
25405
17018
15977
20916
17181
25205
21223
18285
19947
21705
26888
25167
26135
20121
25881
22222
21648
20369
21175
29907
55367
15853
17106
17017
67378
23588
19177
24524
22616
23402
25496
21387
16203
23063
23841
28630
17599
32482
21715
25906
15183
55475
32115
22946
20200
26001
18666
26065
23361
27518
23753
18455
23816
28859
78546
20495
18621
24580
17673
22462
21142
22548
61848
21352
18070
23265
18227
18158
23259
23794
17114
21820
18751
62081
24222
22518
19276
18604
20249
19150
21198
23327
21235
60151
18770
14786
30341
25887
19078
15984
26153
23294
23748
18667
27903
16978
19872
17963
21550
21035
19875
18470
27104
22163
53053
20369
21036
24810
22738
25387
27860
29433
21591
16629
17050
28743
17981
18810
16749
28455
22320
51839
22301
23190
18859
58770
27272
19441
64227
19389
18256
63801
22607
14692
60376
25255
23413
18355
20283
23585
27934
27695
16994
22520
28471
19894
53983
21479
15160
14213
27729
26105
22521
24246
17943
28296
26171
23302
18143
18896
18701
14322
14446
17231
95193
18911
21102
61089
19839
23716
13034
28762
21908
19384
19094
25311
17381
18926
29643
29456
22110
23645
25443
23924
28022
13944
23368
58435
54654
23051
23023
23905
19986
28620
21652
19594
26504
25647
25909
17235
25417
18710
22029
23683
25358
16073
23449
22514
24401
51786
18646
22549
29659
21103
23266
22997
24470
19388
23619
18152
24552
21410
22523
19674
24235
20803
16802
23784
24623
29265
67460
23829
23640
55821
18783
20590
35530
22200
19458
22040
22164
24282
27162
18274
19967
24703
22825
15662
22116
24265
25889
65006
20476
16691
25926
22268
28106
23032
18782
22007
18691
23099
17978
17127
21097
10932
18411
26597
23820
21927
25690
29245
19408
24455
20852
58602
23474
26987
18006
20051
15946
25064
24618
23198
22808
24114
19350
28830
25233
22564
18508
62139
28084
21826
22318
26722
22878
19347
17843
68197
26591
20351
17562
17194
17506
19428
25679
24430
22613
23596
20616
25209
20229
26065
19001
19797
25273
23918
16787
19655
24289
14737
27776
59154
18157
27931
17878
24795
19537
19215
23037
19789
21467
29924
21908
22883
21919
64193
19619
27279
22979
23998
20170
20456
23236
32177
25812
64562
28855
24524
21431
23269
24519
19603
16712
18676
17636
22454
20640
21978
21952
25012
18384
22170
31619
19610
14298
18927
20513
15969
34758
57642
26824
19956
22039
22805
22654
24382
25359
26751
19920
23804
20319
25949
23267
21208
18303
22914
29629
30858
24494
22434
19498
16809
20574
53977
16501
25388
20509
20362
19320
23641
22322
27225
16938
23020
27410
245517
22932
24578
342426
20442
22967
23434
15143
20698
21594
19961
23021
45453
20520
22155
14554
35727
17144
31698
21211
24337
20460
22879
18091
26463
22832
30011
18406
21260
23735
23894
18356
18637
19207
24391
20055
63001
21178
25035
28856
28193
17018
22504
24449
17433
27267
17139
16375
22883
23057
27898
29113
26351
29722
17766
21929
35447
16734
21239
14455
58477
15791
21235
17020
17145
14376
19713
22486
20361
68767
16219
56010
23941
18373
20785
17282
21286
23928
19835
26158
22192
17244
19842
19502
57806
26870
17554
23347
17353
22975
33595
28809
21680
15440
22782
20253
19238
19634
19523
16703
23306
51783
25284
24648
23704
23699
27730
18026
19475
21866
21357
19110
29495
16412
25376
26323
22472
23281
61262
21572
27287
21735
25096
27932
24188
23441
16677
22500
21603
19413
24412
19732
19665
59689
22555
46104
27960
29977
18019
17460
19245
20240
20650
23786
29057
23056
18745
25446
26993
24673
25064
26341
63330
27654
27788
14953
23532
18478
15722
22277
19151
16883
60591
23264
34496
21003
26493
21707
25303
55074
20971
123262
23567
73845
19458
22514
17318
19033
20517
92403
26434
25344
18772
28220
17579
62714
63813
18243
24431
17516
31901
23588
20866
25297
22077
61977
25285
24148
25165
15493
20718
22440
31951
46865
29595
20290
24879
22670
23193
22651
24127
22048
19025
18443
17755
22087
19325
20735
19360
19751
59311
16816
23833
19001
18716
27900
18551
51702
14813
29345
16338
20023
16386
22646
21092
22122
18674
54775
28119
24834
20505
211617
19203
23212
57410
18162
17198
19768
23314
17518
19153
19172
19725
28782
60482
22967
226874
19031
16991
19216
19578
16574
19083
22924
15517
23946
18906
20258
17723
24427
26297
61494
17292
23438
23224
45584
56007
22835
18136
24705
23611
28842
21463
15532
32605
18085
26740
26391
53679
21163
21136
22569
21438
22070
20321
27819
21981
18534
16004
21826
349995
20518
78856
18873
350172
62266
29568
18601
24706
21862
15109
18511
21795
22861
22304
21101
17738
25200
29080
24163
24983
18803
17572
46775
14841
24325
19695
26661
26340
105213
26893
21460
17959
64562
116858
27770
14710
28242
26432
27790
22870
27441
29116
19340
20345
19489
24098
24188
23662
22541
26053
25500
97085
26067
23709
21176
19326
59547
22153
23536
30292
63369
16140
18629
21424
15748
19264
24023
27402
21647
16310
23072
18011
32757
24641
17034
59650
19690
25430
18205
26429
18729
22905
57212
15464
22040
18732
21026
39052
46172
16632
21154
20420
14990
18209
24196
21574
22720
20393
18610
17678
23878
22383
17135
23191
20305
20429
13610
19882
23526
16855
19187
16561
26667
28092
25865
22365
65390
119410
22880
18988
15244
28579
18471
37981
19522
19558
22650
23890
23593
29004
24713
21928
21011
17808
23192
14827
22013
17043
20216
18033
20194
22916
23093
16516
58775
101361
22559
18699
25289
47773
17253
62626
18183
24074
31582
23135
14158
15917
25762
17129
20358
20046
25585
23011
27632
61445
26035
25473
22400
29644
21539
27346
59940
33246
24512
25198
62537
18065
23921
17829
63058
22167
23914
29348
22143
22777
24676
17496
16217
31843
26869
26741
23974
25305
26909
20104
20708
23844
16342
23191
64001
22042
19764
152610
17181
20676
23505
24720
22598
22024
13939
19259
18759
19102
19230
18223
75533
17858
27383
17168
20662
23933
21338
24147
25055
22058
21312
23618
61310
25583
20715
23692
24177
21725
20267
20474
29621
25756
28368
22561
17047
21676
29014
28561
18923
20930
25264
23536
25433
19025
25856
23020
23964
21990
17357
17769
66802
23337
20591
18275
22828
19390
34420
20124
22233
23018
20900
21820
57906
26721
26965
26302
25386
21962
22349
27394
22759
24223
29641
29284
46155
46115
21161
90472
20905
23630
19449
14847
18540
18470
20412
26340
18461
17979
40544
26248
16586
27212
19624
33834
20472
146247
24483
20455
52709
58516
32010
29398
18219
15674
18221
27239
34932
33278
22281
24476
17166
28943
16291
19831
23922
21113
24493
23837
17661
19102
17928
28640
51969
27627
34111
17937
23568
22480
22008
22595
26626
23478
19473
22983
22650
20439
23364
20087
28514
21636
23741
17445
23155
23344
16586
24836
65697
26882
34303
22405
26457
22690
17217
15985
26246
27069
18584
36686
18770
26588
19654
29624
21255
21288
22899
23843
24738
27843
21162
31898
62828
24995
22668
17759
23074
24407
28269
20057
18797
29985
18053
18326
23764
23421
23014
23246
23003
19433
18921
27398
24251
24082
23104
21536
53747
22975
24938
26878
32038
18995
24643
19575
23779
26478
24852
20773
18422
18963
22136
20122
21571
28459
27393
27578
18904
17418
26237
23001
62448
29689
19638
21830
21253
22492
24702
33812
19005
25598
17153
35963
27092
27731
22714
23954
21613
22813
16765
28881
17876
39857
19084
18811
53911
22472
18050
23224
16863
25045
20146
18649
22611
17660
13871
16033
22573
24553
17946
17808
24083
22571
21541
16817
23870
22155
23211
20614
18206
21165
20928
17308
21222
24298
16237
23119
31394
23871
20622
15451
63843
18705
22655
28452
21356
21389
18076
86126
23893
23007
17162
21219
18115
20641
26264
23978
21399
28439
16607
16059
24772
23214
22121
58580
19229
81447
20733
14491
20478
23171
22888
57293
27407
25761
21666
16668
58941
21186
27071
23082
18038
21794
25012
22684
20595
23275
28159
23539
25244
18094
20830
23816
15571
16425
18655
27725
24296
62668
22086
28893
20411
25017
20023
15335
23481
24126
18267
21869
26238
22825
20481
15511
54663
22898
28589
25236
17426
34924
19027
23358
18834
21910
16519
18104
25278
19800
21417
22931
20020
17179
24124
24205
26725
29284
20590
26660
24004
23195
20198
17444
24159
22488
20558
23994
19201
22645
20256
18820
55691
111405
21292
22652
20237
21242
25690
20037
21786
21685
32888
26642
26700
17018
23909
24271
22014
29815
18304
15657
17693
27368
18874
14555
21362
23985
23780
21734
20834
28985
20538
16180
22248
27379
29102
17605
61106
23745
22254
23506
22375
22446
20154
23915
38355
22548
14576
19064
19969
25906
23167
23171
23759
27004
21128
23514
22214
23039
26476
21723
21143
24965
19933
28618
22438
23620
17699
20345
22224
22807
20065
19773
54766
20576
23480
21394
18270
18120
21512
22394
27575
22294
23796
120289
19200
23397
23176
19195
28123
29850
23247
16306
34621
32959
21288
21952
20120
17464
23980
21260
22801
19800
25554
25983
19083
26314
24148
21278
64326
22346
24484
23200
19491
17293
16998
132381
34220
18865
23147
21484
19173
22176
17237
19296
22820
22420
19483
28440
19681
19219
19069
16068
20883
18309
55342
16928
26485
22124
26000
17818
20749
23944
20614
28352
54389
20151
26450
33050
18300
23497
21311
29133
23953
31494
23220
15538
24542
32692
16097
22659
28314
26268
22953
28674
16609
24099
22730
19225
18260
21519
24668
19360
18905
23183
16783
23176
22969
31445
20452
15452
62292
18791
33047
22532
22599
25093
17655
20524
26278
28674
24807
17861
16789
25543
24218
14263
28551
22765
30431
19305
23440
23197
22789
26427
57657
27846
25332
25636
21056
28959
23416
23175
20679
20517
21503
23024
53084
24293
16584
22848
21627
25625
19489
35067
21299
26442
21599
22924
29570
23377
18162
22780
22512
22691
19467
22798
14401
24637
25148
24591
21596
14112
17397
24456
19492
20334
22758
18070
29370
16187
23015
13777
63203
23057
23600
21740
23771
23198
24510
17588
17617
24285
25465
23316
32431
16485
22001
21849
20371
19645
22226
29608
16776
14742
19857
22616
36104
22873
24778
24036
22671
16867
26695
23808
24267
19910
21301
32423
66224
20033
16960
20337
22859
29539
28959
22515
23541
27853
24685
29012
19770
18063
20112
63735
23385
27345
25914
31519
18316
22155
16957
20142
19974
22470
27767
22861
20255
20493
29033
24500
24660
25228
37614
23036
55085
18633
20933
22603
23072
20562
24273
27775
22829
20903
24087
20367
22151
19359
15762
63723
15044
19274
28573
21718
24678
23953
23691
62019
18396
15306
20926
46123
24286
23150
27407
29443
21890
20172
19156
17623
19274
17378
26719
28705
19402
31495
22586
28624
18878
25172
23110
21104
22655
19882
20201
15628
27988
18807
63584
19244
23603
28802
16446
22922
23062
25103
24782
20944
20142
24872
26515
21981
19019
24167
29163
27488
26345
13151
25143
27903
19107
14765
24947
19428
22855
64088
28524
15723
24135
17382
19664
28751
30129
12346
23368
30234
19435
18928
19882
17766
17530
28427
20301
24396
23375
29082
15083
18802
19733
111560
15639
33189
64045
60929
35171
62034
24589
18934
31846
18823
23116
18158
21606
23172
23850
20135
24936
18316
21189
23105
17329
28111
141361
25266
29005
17870
20325
23448
23026
54764
19785
28946
29287
22953
21092
24754
18206
22745
22422
24911
25840
28455
29977
16473
15271
20272
24190
15926
23735
37157
20627
29403
25015
22062
17913
18808
61198
16899
15472
23745
24974
29510
36513
23539
28895
35336
19993
26340
18491
20719
18531
23630
26161
23335
14041
20101
24815
22167
16142
22934
22240
23191
25128
53101
27399
26290
24892
31056
22187
23495
25229
20503
25279
21513
23630
28768
17199
23851
16970
24338
28736
43312
23092
12919
19581
25368
26058
23718
35345
26264
59001
23544
22048
21226
19376
17283
62830
22535
21231
23036
22905
28730
23008
16918
18070
115589
24166
26024
22789
29243
21775
20905
23845
16604
25233
20986
26826
28569
23957
27701
20467
29456
17503
19462
18411
18648
26803
63845
21481
27460
18657
31052
20149
19344
19987
16655
23700
19706
17481
19484
23062
22772
23631
17737
21093
23029
22245
22655
20865
18665
19555
17567
22434
15366
23209
34805
24523
15121
25752
29562
20015
26982
16589
23302
64317
18911
19868
23540
22449
23945
24382
16117
20366
29321
18437
19079
18154
20113
22772
21223
22859
23371
17350
25776
19711
17525
18403
18003
20410
18416
17833
24433
26596
19479
24116
30088
22893
27062
17577
21761
27006
63091
22816
18262
17390
24111
23915
29653
21221
21757
19056
20426
18360
18606
25367
27545
29606
16328
27025
21993
113990
20582
21909
20792
20447
22788
16859
20163
25274
16986
18137
26568
23342
102152
19082
20580
24014
19672
54604
20471
25267
24343
26221
24915
28795
27816
23005
25365
21184
19924
29532
27248
16434
25944
28012
19116
21608
23632
21057
16852
15538
18394
23210
23330
22631
23510
25565
23851
20768
19497
20302
24918
23593
23049
61825
65696
22458
19207
21519
18220
20106
22043
35696
33708
22827
23610
19529
82469
18927
24856
28862
22202
17576
23663
28729
22439
28702
23627
22760
17033
16576
20058
20927
26936
26720
25325
26953
23721
21353
22776
26598
23905
60203
23031
35390
23386
19394
18212
18704
28858
21746
28922
15017
17099
31230
25562
22248
19642
31386
24696
23902
25782
16920
35636
95807
18267
24473
18908
27404
20239
18684
25688
29510
24956
18336
24761
17062
128850
19475
64372
22827
22922
23144
18787
23182
24773
19238
21937
20644
24039
21894
21871
18691
17582
20082
15657
62896
24452
32008
27001
21440
26871
21542
29468
16968
23716
53388
22890
24929
19440
63179
59038
16284
21516
29449
19258
65901
16542
26545
17390
13670
23806
24049
25650
19346
15208
16201
21770
27290
18325
18523
20038
21752
62124
21242
21983
23223
23423
23584
19549
21085
25046
23350
26420
26033
32514
21365
22566
24361
23379
24452
11784
29368
23751
19900
27345
23743
17475
20365
28688
53651
23278
17354
17933
38468
16813
18542
23013
28114
23531
56360
19501
20541
55563
26752
24343
23055
29014
21185
19770
18433
16656
23042
22692
24406
19528
29203
52909
27187
15954
32870
24340
19862
28645
17989
16352
15402
15170
17484
16628
19237
24534
28746
27361
15500
17435
20199
20714
18570
15641
21595
22481
20063
18138
60462
21871
17163
22282
24892
19282
17443
20951
24337
18212
27104
29419
21471
24194
23690
19871
19155
26209
31529
27415
23147
21010
23169
21938
22327
21963
15991
62519
16824
27291
24156
23595
20915
22520
17535
23063
1784002
18724
19992
25114
23215
16380
30243
20677
126963
139480
22315
22179
23179
23394
28360
22527
19544
14577
60681
29889
28685
20352
25007
23342
20667
18398
26363
23389
26592
21468
15461
24643
16677
15894
28965
18075
27687
23257
24734
19155
21909
26747
20792
20246
23873
28204
24655
18131
19178
50683
28970
19978
18042
30787
28755
15141
18605
21835
21945
18120
25208
22385
28438
23501
29322
22610
27305
726467
23310
22416
16555
22071
24307
35012
32313
20194
23702
21433
21969
22942
62575
21843
22239
20529
18281
35732
22950
29703
24925
15746
19048
24081
15582
22399
20779
17841
19086
23784
21294
28618
56437
22669
23628
17415
23397
26139
16750
27042
16862
395954
20885
55424
14977
19051
23062
24763
25967
26556
21725
26976
21019
14636
23639
28246
24567
30339
22929
27373
23668
30130
17818
23007
19190
16637
30444
23946
14021
17479
24783
20619
20790
19599
64247
12390
18686
21874
22135
21244
25331
127492
18135
16395
22414
16269
19692
125089
18192
11708
24311
22948
18701
20680
31566
25022
32188
19274
19476
23245
23179
24606
19714
19773
326668
62188
20795
18353
21666
21213
27509
27162
19435
29303
18259
18106
89190
18595
27779
80554
31379
23488
30001
22500
17843
21300
35651
28189
24099
23497
17498
24393
17139
30942
26393
22670
63742
20339
19219
19330
27000
26783
29781
17500
27600
21525
18755
15497
24732
15445
29156
23479
22874
19856
19847
19677
22741
28841
22667
23725
19868
19222
19162
23925
17477
19525
25296
45137
17517
23784
24771
19131
22501
16146
19370
22948
20655
20147
16498
26325
18766
25274
23413
22451
20303
26023
19516
19023
15732
24487
23084
27782
16683
22133
22470
17813
17933
26644
52717
26923
19396
15314
24762
16134
24792
28880
14445
15779
21980
28522
23011
58634
26084
20401
27336
18008
24038
19901
15612
22846
23014
30905
19967
137772
20257
25795
53325
22407
21653
26405
28981
59393
22890
26819
22588
17915
26772
23289
24137
18297
21131
24329
17271
20639
28592
22437
17425
12217
26973
25291
28835
25550
22935
23200
64676
15962
24839
44057
18793
23220
26830
31568
25486
20240
27229
22440
17052
28041
20071
22524
29508
33609
19163
19847
14799
18675
19108
21985
17664
15912
25062
20545
54746
25060
21613
17964
18529
20785
21737
17302
23962
24056
22421
20098
29064
19898
20429
22711
20941
20456
15905
17213
19302
20314
26370
20895
22061
28091
17607
18010
63682
21571
28665
26684
51793
14722
35459
28164
25084
21814
18306
23034
20293
16957
29928
20819
18194
19129
39686
21042
19559
23334
22500
19431
22888
16437
15315
30236
63343
25788
19830
31994
23332
20087
32985
26014
17068
23232
64362
31560
17854
22989
15490
24746
20754
27284
21256
32208
25804
17921
20264
21995
22605
26842
22756
19106
60988
19741
23846
20863
20176
19697
63126
18214
24755
18080
23187
22715
17393
25413
24272
23488
22386
25656
16465
20986
17375
24768
17496
21945
23362
22815
18303
24769
67328
29511
20518
28830
29259
19410
24953
19112
25337
34330
21082
23407
24432
18248
20925
19200
26316
23501
23011
23934
23565
19529
23738
23030
22760
18552
28145
16018
65289
18546
19315
19295
18350
74926
24167
26800
17478
29867
24258
21533
23058
21966
29620
19042
23102
23587
22761
19683
29222
26442
27509
34913
16462
23401
20006
23290
15261
20158
20009
17962
19019
16602
62552
23098
16918
23034
26561
17172
15569
25093
16834
15935
28734
33500
26439
22788
22424
18359
20264
18441
28232
19931
24116
26497
22448
22647
17098
20918
23815
24506
26423
28715
21276
22302
25344
24725
21617
63999
23689
16482
15580
24798
30099
29738
22175
22444
19507
98742
66387
27967
24150
24436
26848
24911
21499
29713
18888
23359
16771
24431
22910
21720
18140
30256
29014
22028
22821
30014
18607
28149
20426
17620
54534
24176
23451
26972
32313
59407
21179
68168
17184
23337
28324
18537
21616
28418
352483
22113
24969
20556
19227
23669
24428
22076
29043
18792
26593
17409
30249
26154
31501
20492
22533
21000
22665
21584
61496
23167
23518
24211
30862
24252
22226
24935
19539
23059
16524
21333
