554856
273363
228478
252591
757555
290092
263199
332839
731238
385118
300704
224749
351143
497645
135518
2393092
572533
251285
456601
245338
313745
346471
274836
331498
213005
646553
232677
536280
223527
308547
310505
330864
346455
312811
135851
374793
217903
347597
203163
148101
582519
321084
165333
264269
306719
340674
757388
365375
206010
175802
221636
245421
346272
359344
330736
485727
337909
388945
266127
372540
206887
163358
183069
256479
202384
247312
676660
678194
332439
254422
366730
260579
1039537
295806
343561
328249
427713
163094
335819
441021
198197
250942
324298
566149
271356
310822
441812
291683
628745
1533685
290018
222310
251207
344013
320190
418371
196342
356128
268307
234328
309062
286044
378507
310499
306577
195859
240371
132800
249341
751809
289041
352767
425953
327512
555225
216664
615577
203356
219281
170421
354292
252503
613563
311867
206357
343086
206657
202125
363671
296283
691565
585970
210541
341024
359924
377382
350359
599813
267959
1587055
205196
233784
233051
199848
165353
314539
335941
249097
388221
445692
191745
218745
211092
358048
291944
338281
264577
146256
188913
201452
236428
324186
233283
250531
397156
416646
582781
264878
387916
327320
264600
399132
635987
677709
370565
1487349
416812
445882
216198
360294
346297
314895
273605
326925
306053
313834
199465
418573
282110
515904
252764
736860
191526
684495
299418
342629
262976
927715
398193
684685
353540
296438
342083
423805
299559
617099
415347
367284
310266
431224
214209
291830
278797
279175
387049
585686
252205
322065
279762
377525
214642
342939
737138
339351
266323
276978
965483
313680
299727
341036
646603
231433
202866
311987
481628
182927
318502
454105
332750
473830
241540
212268
314054
408297
415940
606013
341259
187022
522178
278100
237464
821337
302470
400228
235224
176540
371052
330454
851944
232890
247487
336118
367931
340436
207168
356476
364872
232324
386796
319130
348655
1094275
375047
582234
304242
614970
343507
191022
266869
348371
394593
385364
318557
175375
352285
211027
490861
262499
261164
103020
322981
368832
262298
280496
278841
460427
289388
306168
590499
530179
177097
329269
280554
201167
536305
307372
257541
238433
309991
354881
362752
521553
289868
651892
358700
272993
550143
246345
492811
338981
267523
296412
310751
644113
450352
354172
405032
664759
404941
455109
298795
239754
200020
323858
211594
453100
543115
482781
365717
440869
342500
357887
838833
433972
368297
393421
386628
404332
774971
305733
325361
327811
190318
256158
462660
487668
334136
342750
194750
314760
382764
273831
401644
225095
287647
492959
333114
484635
431368
314498
286756
344170
277284
709087
228081
263188
273222
171939
291694
356182
319150
279414
282022
351643
346452
2198096
297334
238484
338387
189001
402433
509037
288287
425043
221637
297850
406932
315758
791518
235553
311085
255061
182128
365167
489364
190146
189360
275243
266359
341090
290813
307045
197597
285775
363453
2214834
303538
188572
248260
229399
200153
349629
231030
456124
545837
404421
378826
432391
285054
592023
290226
638692
217203
493522
246710
156963
255623
157152
279550
269492
143143
329434
342727
349889
275787
186203
314322
268219
486894
271582
557161
162897
251554
312894
349021
258981
366461
308020
335505
402053
618502
296497
242022
287091
302024
398738
214243
390302
360199
216188
150545
246252
201296
441179
239744
178444
1063924
293332
362626
369226
391003
224132
212434
343355
135225
448401
224951
291007
156451
350388
650442
689095
174900
257292
446730
141387
645770
268859
303719
360437
352180
287876
376820
437811
398458
314136
214781
327109
176095
640972
368887
267565
353914
394290
443270
261158
360715
398435
161548
455194
416483
544417
295685
740700
259616
490931
314196
195926
266987
523544
288382
217621
243428
287087
634796
248734
297755
384193
364720
223147
370089
292517
976221
262292
573717
392178
236936
172540
199139
261607
206465
357746
315752
175575
692174
394005
410602
276864
599527
294176
266824
1168507
367762
1004903
401260
314272
233965
355259
377423
331462
327781
281686
417796
330340
408044
246977
178547
450846
252872
394090
297501
201127
439662
423894
367826
765646
368680
163131
436679
277526
259874
308454
268457
271620
142487
354769
263877
547715
355624
350058
293316
213243
357619
454737
270538
1932415
342767
252953
531193
317253
392205
299780
354691
414277
404415
283494
665626
246856
512072
194627
354115
323200
206292
175237
326712
349312
236772
262135
286570
380991
334534
305306
305121
212773
291752
872231
188945
361116
198307
274406
305051
497713
219780
433156
296720
304224
206997
379781
185782
326113
598560
232796
322383
717113
299793
306302
358274
396122
277241
299148
314212
290988
277274
293085
258491
285073
460971
254426
298017
139389
396408
414193
432518
235229
871870
519868
259442
285412
254409
287346
394791
1599515
378956
238103
558121
284309
442206
301299
453510
406470
697319
460249
231644
441657
707878
336299
633621
305739
18446744072709948384
235354
211166
450649
341619
376007
447151
286624
268048
440066
344836
196878
297779
224196
533360
383165
529823
343670
406040
298188
649413
151627
257118
242188
321457
320877
266636
188786
351254
281563
336366
317645
208018
256766
324302
283178
437137
322960
296105
472177
359388
303690
327568
198009
275532
382704
395401
344399
304049
260923
496825
344390
302081
252997
614344
265008
336744
399882
227858
244309
345458
257921
371895
197910
482221
274433
330688
254669
388517
223801
265269
316050
311883
320235
252042
282685
277376
302695
331913
260892
262544
439183
191295
473947
306550
256278
1224235
323493
747583
453699
435418
316057
415406
201387
276764
479855
206500
261066
405801
313659
412155
320342
291050
290617
356585
268885
348778
298334
319252
451038
574648
448005
322549
459927
446733
197957
186288
312995
325830
310684
215848
259981
656637
281216
405608
265806
327054
441888
231038
343758
301037
393693
640502
298070
372349
188561
175033
490234
325773
532737
211925
752476
205754
127576
163965
278626
331517
326241
227510
210840
170895
454231
350200
348183
201388
417742
667202
747125
172557
293649
276746
316410
494205
419139
281023
206910
898432
524242
277159
468603
163051
334171
353338
239519
404422
385323
328818
264988
383712
373960
185317
345268
209168
258388
284895
324429
413718
302346
344151
312095
600321
410235
528922
211942
318714
176773
204786
299607
316747
382624
413803
414257
238650
431232
296674
176615
355371
381242
218371
645473
177628
223295
378214
315541
462188
450494
2158806
459432
410718
251511
492002
197381
338648
238513
2239854
525073
386246
212625
646723
517985
266898
293258
371037
242119
344417
252066
210779
533227
351231
714516
366721
212270
340835
134048
506369
184278
303240
693465
269788
406523
356197
450328
222540
386868
291796
305687
316975
278095
174701
264834
187991
291151
299551
337328
731301
313056
761882
249858
315721
407490
300133
308680
423099
164314
621566
290663
255993
221126
265315
213006
383507
351454
187553
261700
340572
762938
359225
222416
170010
426639
488743
436909
318845
250854
293736
481155
235888
311470
204763
917498
322103
177170
279081
177419
591951
259962
239155
427281
389784
199494
230981
390244
193756
272002
330720
969742
166635
169388
217896
214568
424908
385243
255649
696952
558022
298745
658327
708126
205024
227257
325086
582744
987249
191868
243382
295939
301866
346740
359220
363443
196837
253292
548000
291595
160828
407379
422856
429158
228064
379306
313018
299486
293226
449658
545329
333571
235078
216321
355911
336761
223624
583501
225174
298691
148139
484452
177319
137934
700069
779209
400298
332532
211387
482620
346275
217296
325231
199183
169193
411913
590480
357762
308572
354198
288531
189739
386255
245564
200388
313769
335915
351627
315877
412516
232089
335381
362891
306845
317515
510944
334222
289942
388268
350248
425841
351545
575002
267285
545131
241249
276495
279415
156034
395787
236707
262811
272993
328548
262783
350974
730536
549237
313398
265516
346630
364458
535169
651308
342382
467178
355191
618171
274114
217308
218798
393694
174462
198122
367965
325327
268600
654401
360511
169015
203763
2279041
594199
307974
445512
364305
278576
419840
576652
349770
478298
367386
180743
199288
349841
384626
284044
311335
574817
156919
224889
484831
291245
357614
259626
433344
387212
335776
430132
167052
249344
271526
836069
279847
333897
296116
273573
452896
205300
450584
446818
203286
348293
190550
339744
390711
268049
344979
499893
407048
182519
278939
185685
231258
263889
307275
207067
779233
224922
207536
745205
292058
452285
272914
156022
356464
180536
244447
460328
284990
206742
170052
134194
184004
162589
211973
317102
255781
421989
414429
324255
708939
205609
292238
258894
467254
194544
334273
468597
421347
395482
470067
246222
192210
454850
172097
430655
280672
217102
350358
221678
212932
618910
200552
331217
430588
262614
356888
578874
320666
339427
354303
205330
273735
384613
2360801
303021
291348
320896
316608
722374
261514
707273
563511
211968
271573
367876
341772
361997
452027
404015
444791
299162
2041896
226433
361982
231453
406005
256529
193567
329536
546196
353914
488964
586449
324211
318214
285033
276960
617402
365574
335131
333794
504096
313062
352970
225462
380633
213522
294223
200787
485071
2749955
286023
203538
753882
279013
269363
478315
196472
270062
254699
315052
345158
387442
381228
233629
207530
485330
315293
375588
475934
165037
267364
307027
441876
634134
701289
363152
535204
339244
560843
267232
317260
535034
301453
341056
312304
315510
375257
402138
252319
373375
190132
217844
354956
301139
280409
309339
282461
147334
316255
170201
482035
235576
319097
280933
371938
282457
206043
179478
431187
317196
218995
303800
234879
248110
237353
392197
420631
416026
207119
268477
346632
338616
348195
349650
404668
385154
434453
767496
292373
262185
287898
321289
336096
244048
433648
2372116
2737519
377545
163146
165878
293968
499686
166283
573696
258775
213295
363943
762140
246760
2146403
241004
318792
330570
356803
693216
411177
329943
204868
356555
313166
360707
307924
203908
323393
268537
273536
354592
333206
253181
352167
306555
542400
323782
267837
419888
254360
253199
508571
286389
210048
307599
722486
321353
141111
349153
317394
649779
364731
394135
201308
181237
301453
185368
574021
808843
273360
155845
335851
264562
397786
323886
321527
361490
273313
385679
185368
392351
248136
599476
429816
361977
396210
284057
511119
281339
346233
366452
320851
236171
295053
473222
276533
311904
247661
276772
312396
316228
283643
252791
236192
562242
309756
259426
262050
176504
587493
350315
168607
438463
202449
392033
229619
320642
216003
310579
562950
206939
344232
359170
278214
268394
1670138
276448
197079
354214
201236
988621
435627
218431
164765
183196
435326
654211
291266
429432
426371
301303
291965
1785567
192135
330532
202203
210212
214867
293534
316646
264485
404821
731785
305134
305385
552088
380697
523597
272501
218207
419594
306879
215919
566945
239378
337779
345616
475487
211564
367472
248336
279144
313147
353061
354115
317515
353925
538069
320771
296403
625663
353248
314081
390119
348215
363635
205400
439917
257851
311044
346702
246827
459504
303439
495381
257277
307264
301886
341605
308015
636715
303587
264502
356861
344055
171638
412661
269055
497737
349068
692481
250077
388992
445832
293685
299409
325524
352747
251250
316687
197002
349938
718103
171733
588033
314818
224212
463088
901242
242486
359155
256943
2173344
312412
301075
205674
2413696
670398
243894
2195560
300752
128088
307228
178191
291079
286541
221591
258637
265377
264978
149324
354836
208007
202045
439714
376616
260641
344658
366927
413463
359333
345886
434142
333128
899617
252304
380134
172823
365349
281450
177154
261474
822894
391940
630406
397357
410571
276984
243574
212391
394654
311801
384601
293487
266197
384167
243352
445004
348679
442913
237409
276130
372562
214351
320155
217131
402672
286244
478986
267899
358506
366932
196378
326100
199351
228107
227633
395314
277184
314822
313950
738770
544123
576596
247541
309794
170637
328603
321159
404289
245138
667680
384399
200879
297268
424508
501053
405815
397641
862282
258708
393791
769628
231639
196716
360826
129344
393824
464733
405192
192438
229286
438166
367980
353856
173445
397968
370435
707925
1123535
1125252
317371
215139
257775
460545
537388
207717
351126
388260
456424
360287
344452
285766
210221
349153
528301
613068
189428
176217
196384
345378
202659
373872
393555
357272
505554
356576
263690
334517
291893
427988
356846
388603
344523
232810
582221
242288
213606
255057
283230
352006
2261348
387287
327381
216223
421031
324625
449833
245325
273278
339639
408354
194409
357827
389636
400424
390518
422611
296862
341283
2221279
173704
362749
959351
204043
218799
260231
302043
346565
178015
235480
311595
718230
365591
201305
428624
1352037
202340
361476
2769773
218618
176044
433053
221843
326564
353478
259418
206497
1035225
333131
241111
287686
413770
177634
965165
315977
422735
282038
293960
228583
383953
272365
312893
441483
284893
389935
691236
190228
228212
259625
328708
290116
295934
451088
214534
475990
212264
421194
353411
320044
338335
261432
326669
256520
431148
210852
381410
297645
249682
410702
214565
203390
356588
175978
348339
372793
279983
322218
241525
521388
753301
487192
370365
227518
269387
355315
375148
322492
297187
482504
340056
278776
404433
377670
289009
350118
348347
374915
441836
257639
541229
420310
208033
253490
357315
318124
242724
270460
331597
441847
283639
251595
353375
278442
718460
720447
480019
458365
306985
265697
197591
537949
374499
282875
354195
2265963
325009
387995
182693
334727
269915
400300
326421
218171
193059
712864
227586
312861
334259
236569
290709
343777
224229
313583
307031
344034
350666
241204
729726
226105
343615
235269
302910
303309
176657
371900
335263
251639
214840
241121
218824
168594
292811
396690
313917
245168
241190
297412
477048
403169
296561
173831
363367
370761
396165
489152
306115
290668
209651
266780
172300
248897
156978
214775
247964
143744
365325
439881
210083
269565
137740
276174
384051
319811
423069
323576
566188
763075
262059
407437
386240
320692
458661
545436
301311
258116
252482
231241
315503
201533
613038
153510
495771
257399
346497
332521
744291
733638
400845
220876
359190
159971
255437
252248
404608
190563
262620
339401
363664
355302
378633
184650
560067
337260
254638
260115
265201
355099
274788
200261
171898
166217
415897
261129
268438
247230
246764
381922
244544
283184
545271
355005
301738
367988
387327
506763
528134
377975
342307
352679
318124
278701
205768
543769
304066
200866
258489
442520
164397
263197
371393
289779
350501
246879
305317
179554
338706
293447
393862
341408
249583
574828
267091
692304
329861
247834
341954
376271
292963
447800
448213
217054
436684
305768
440068
268449
229764
418134
623945
320932
288848
367836
252853
345081
339742
393552
393166
290983
355538
300458
291816
216720
206490
329756
306910
471017
690975
200564
203422
308253
321065
349806
217343
290306
261197
421257
215665
230249
344314
444889
331282
358197
194277
518048
242410
370047
1821402
399434
348587
511406
297314
307759
349739
358399
252342
325048
203784
446800
271037
756571
432313
356309
264852
281450
346134
172067
213331
501383
349313
327181
435617
359955
239497
663879
504111
378069
388323
285101
296300
330125
230456
310332
401289
220521
188825
191860
449588
206642
222749
359208
679271
2265459
728862
538866
259804
254059
736559
268248
385612
299350
208823
375589
340118
230361
290747
336386
242929
1428005
265921
357716
175946
467252
348839
485438
283564
267074
242053
248409
304505
588966
314446
214122
267575
242044
164842
689044
441583
266544
439658
214124
256907
502874
225957
450925
1496084
236782
329782
266754
217209
279385
256901
402275
275989
323774
338156
208503
245817
264544
335017
344118
282644
247469
300886
207630
331134
256748
334596
301084
709546
157934
596658
371425
157712
548317
487428
306607
212417
368436
246542
329148
443534
698227
301587
463351
333853
200311
170798
661216
649457
319223
301282
214411
285340
279964
229576
247080
325485
174018
282634
299781
280880
352133
496403
166597
184849
184322
544994
348873
464568
300316
386242
485163
338160
829015
456973
360729
319927
339053
259751
347764
306344
360071
628793
262048
394623
686380
584402
599709
342369
289630
324395
291986
491874
314113
321244
198723
333842
293925
395089
251479
419645
250723
335779
390273
716686
219376
371520
193576
255970
368781
186146
527972
153198
368124
349333
292389
309028
223397
362856
541937
307156
345820
344538
671245
1827850
352470
313456
321362
193602
300610
312336
2095753
318356
661241
207964
375102
519585
266202
359615
273922
340278
634055
558358
352268
273604
414986
334664
213818
259202
322752
202810
1758060
559130
150787
346419
304670
455536
261461
429975
388873
294314
659326
480854
328744
314275
221825
371661
595116
167784
440364
411836
266567
377600
234518
260086
486535
312817
382919
240228
875537
691205
313619
553998
343705
237409
258940
260051
439033
174387
303512
283079
222619
508053
190412
278057
151730
212310
327967
306515
526542
488020
233502
436505
146668
282569
289814
355452
299170
495447
270281
356766
195648
204386
339268
467699
234297
274840
310476
698819
352382
339198
456534
386576
351937
266445
364094
304855
226667
200937
177534
306605
474041
316333
304989
428377
282466
318606
635281
325376
506169
252109
329953
297442
280164
217330
223625
280918
276506
320229
281975
382061
233532
160017
407933
422121
620593
539022
278916
372945
278370
452390
301962
436326
262123
282695
343112
346439
248437
304648
311698
405484
344530
261370
312558
310470
170306
182444
840563
473917
346635
229704
161272
322546
292242
398506
237697
184808
364161
305414
1692674
279949
719205
157415
276489
433250
331234
465164
253802
361727
599909
444530
304461
349180
325643
271897
435432
245545
159344
302698
327578
199590
409876
343506
165966
342510
276239
210549
244437
462377
150425
279843
454808
180161
247174
169223
711812
648009
205805
345193
366699
252137
434114
344963
292888
309438
408598
243233
335357
471161
182658
179967
259635
263782
398632
188697
299782
234332
290207
267321
545994
230876
341980
785909
317164
214193
343377
412830
286508
233525
411044
439869
702799
278340
422758
201631
278459
352569
360272
204480
269439
333754
413574
520233
311409
203656
415930
281903
389218
230604
251063
375913
370526
165283
510248
460622
327856
390041
244479
361844
341533
302221
249934
169724
348324
421158
543291
696692
238441
301726
232230
325987
343025
193832
323870
366683
299382
211368
589252
317182
266204
240017
252566
266099
248522
412151
344082
242639
345100
345459
412896
399828
346748
455077
318061
303987
231234
561126
482485
426831
292126
280596
660605
302775
183933
338931
269444
440288
195031
303033
414901
398854
187077
207876
397070
231837
445325
135238
442888
209784
277749
256660
348022
299796
259592
308656
624363
314584
347554
396785
190820
368234
227165
435649
334583
178498
255412
691027
351301
213325
286703
314292
312634
454792
243012
288898
344674
276802
331523
330486
406597
165596
228385
360586
341850
582508
324403
1546589
474350
322137
339479
259933
712780
514216
633226
165839
425368
708984
506531
419249
319875
467476
656613
353359
416046
368042
287606
300843
228318
277436
450174
378912
387161
338192
257364
325402
332905
445833
352687
209656
437220
719444
256157
379244
959347
470454
140438
418675
478730
227835
141355
232155
333068
408587
464468
280083
390495
266526
356611
331767
653452
441408
445579
276624
615230
449837
252032
346118
279884
211267
273985
265712
271920
334126
202358
317250
318476
434454
271192
693422
295744
343365
247746
379419
382869
463160
360725
212437
596519
121049
474753
283278
512967
185892
330901
269825
251044
694483
706155
240517
241269
261139
360827
346182
292155
326501
232672
289349
296030
241567
431698
296085
269266
662444
160604
327798
259200
690734
241884
257867
370632
669861
753630
436474
511050
372341
385495
243198
382807
2126924
802712
375374
422893
352753
375674
351522
743872
365265
360244
287753
231775
241747
223625
928738
213248
270142
184896
339310
268886
211585
208172
270069
413809
572802
510123
706373
313595
242954
227054
302243
1533375
441671
402679
255807
393468
245333
224626
373357
214294
500442
275343
396127
306073
362034
728872
892768
1015246
342543
404687
617206
470557
378429
429880
471391
552056
279842
355830
248704
237360
500428
349628
418708
311989
576833
326272
488619
215192
276700
410184
350252
439047
357257
197564
225149
254455
340277
336000
369532
232844
418879
347270
257194
741983
268983
611093
710242
349856
221989
285850
317917
531717
343536
344328
286989
349758
356592
260267
207945
486377
310724
214134
756132
153706
531910
350457
302983
245613
322059
324905
289402
287822
188438
352967
288946
442375
751773
281011
443293
333825
344956
388041
722161
154296
281537
198974
154321
188016
660533
277009
541302
352813
301900
420929
307195
340104
1557726
298448
167040
246770
313285
417754
188321
393853
239735
272682
433111
425874
292479
351189
380149
358781
311632
366154
691316
340709
313103
341509
325931
330902
255115
303573
412397
181403
223369
294893
310924
247156
127083
324683
466644
377994
255789
363028
402864
360015
529136
241769
373404
318108
662976
297633
387154
316278
407678
332395
208774
271043
326147
210204
507175
351372
395263
286422
481194
293736
539967
426489
200338
234242
344720
538188
2119719
319606
319084
272526
721350
605321
533692
210218
350264
854578
333711
275948
382523
221454
214916
393613
436609
221265
273998
186140
326485
382373
425522
172916
208432
396911
342922
221896
251597
489006
689648
426920
196431
406403
315992
262977
448267
147914
165935
389412
340417
211704
232734
472482
281450
165792
225290
288884
345743
339554
203331
210827
326979
372271
269898
207034
746065
325776
451077
200121
328137
280960
273225
211138
286280
406489
365971
351388
519062
263285
157948
289442
495783
328912
663896
492300
345950
257039
429975
259915
583891
466966
717836
168553
251752
244124
195019
423074
541453
252239
320003
203236
336772
391979
151224
309723
375170
322906
292225
608616
257661
803934
842944
393801
311172
561036
346568
238467
724478
385695
178463
435648
254751
200420
427080
181694
166993
440142
434858
342557
286716
394038
742296
352442
327993
443964
395168
532198
357654
248870
436453
203129
311165
240446
737278
160846
377139
309516
416504
872196
280905
371721
310575
265878
196217
365957
509432
288545
438795
369732
293472
189530
460561
240456
698674
234225
368808
284411
316131
310346
212628
210429
192163
420010
265892
252456
341382
267707
291796
408817
196247
325475
349182
172428
567593
190709
344508
1888898
308432
505744
278548
282085
379975
318612
331338
283560
349986
516473
334794
430797
213314
140705
291125
665005
709852
314081
303683
220752
154518
445372
429534
372269
381295
280002
724807
318926
321999
270556
273714
337719
443747
371042
268316
400396
564671
417749
444063
310576
882269
219047
362085
147707
267764
266325
307843
439677
464872
572275
402827
427104
236607
232560
235597
401580
731084
282777
300350
280729
388561
407407
291104
288115
742459
350388
206090
917262
336241
387774
198223
396729
314746
285797
487513
226153
690837
459595
228539
458708
241614
203542
342936
531244
258287
350716
245973
158975
350657
276783
563522
550412
273621
418880
146021
565005
700326
315811
221982
374455
327197
334730
173831
302305
453105
198493
381489
18446744072709941705
298161
195470
343472
405616
216284
450121
177139
254381
695461
162164
273424
301260
352954
418929
249246
360360
511696
352245
405480
367464
1934638
440436
174659
173100
348610
599882
303531
165015
718328
412022
209824
211686
583916
219267
170121
308248
318290
227765
518456
347488
645806
210281
310189
303791
259317
355893
360442
371939
736714
455326
194305
241084
170445
385062
530741
361852
528755
436362
213153
438518
262754
149037
213838
381012
467857
305668
2158040
699432
1822481
296741
267277
900154
271792
356938
470017
348049
447354
274673
418116
209139
263989
306667
403775
569806
508522
18446744072710491747
461249
201143
345857
184240
511090
480287
459260
228328
729059
196900
425162
335492
231953
352906
359782
411364
696847
339006
348186
168466
325499
347660
250555
422914
270619
369339
755882
372864
208723
459379
364863
246994
371120
315108
347653
159100
216250
214857
514240
348849
310290
197364
457984
795644
238060
282782
394379
458468
298148
282855
435678
689139
416314
423915
169495
433347
346940
371469
163192
327895
830854
368426
195814
324111
345371
1997614
884848
234225
2787204
299572
170451
375429
266703
177887
302076
255642
432784
217110
185325
224189
335865
256414
359503
362101
448487
259655
611570
728076
333706
468263
377309
740718
323587
155487
432658
240678
413407
221847
479789
331701
289685
258173
370113
351736
215731
146948
189955
292426
274669
359131
436961
182168
535940
381817
219877
151104
205847
352949
409666
235080
357297
624368
391846
266290
181867
359134
404842
239379
279586
237976
536509
431640
483692
945454
338423
239725
149105
195911
287921
436636
210310
313987
233285
220390
255671
212130
388501
345680
422725
271396
354957
409768
331686
378677
330596
806305
528175
211873
237941
175605
354687
299789
259090
205111
290504
355555
275796
333568
331696
420517
572500
417154
339402
420823
486119
259869
317549
253740
316176
291443
439034
768892
204205
354898
417482
213081
340238
242904
345060
457952
283498
604539
423198
199377
270368
391439
378995
477161
306473
344476
308264
470180
251042
332194
326670
217001
242339
272586
372400
336876
342134
218099
454097
388806
272778
263334
264959
841254
218048
320921
317598
237278
293005
335137
261713
255702
584848
619684
285325
226182
274048
351628
318689
373544
239731
397427
412950
358015
273814
340097
244443
265389
343536
200688
378467
299233
427578
342020
696437
280668
361931
352483
322458
400624
638538
252104
436618
200416
304554
344364
458724
287775
239521
245842
362385
229302
383231
395104
381923
243660
513481
334316
259531
623735
440194
287442
186314
213998
236369
483554
265704
330531
326389
290248
288487
300348
208892
1092359
323752
477481
265574
344808
704247
257898
242212
671640
248366
316582
273358
393001
351738
438654
269541
470130
1564496
299745
330598
314694
234691
255605
286851
271971
207426
490438
688224
281590
269488
360336
217347
256889
219822
359010
404369
291886
339258
185510
110499
263509
181259
446252
258158
339175
439696
538169
384684
339982
726920
406346
927949
436938
336550
398527
495474
375058
281773
176511
200534
723782
241676
192786
717747
322288
315455
418510
2335040
242926
195289
332820
698443
466570
283712
250228
244890
157431
174025
212539
312378
262501
248902
272790
206483
569123
529148
183297
369569
221411
329222
240891
376058
426031
494078
376143
255566
198583
346805
215558
256727
1064270
431950
182734
211344
377200
360967
157086
158086
425441
454316
225472
278915
183842
233569
249624
534906
276386
696146
288026
168240
477537
341257
349461
465355
213689
212326
196438
206673
412565
304178
251394
343795
398985
478006
180977
460629
192230
689547
329518
411201
258536
271380
406086
469269
162530
344465
396189
329910
2413535
274931
267087
257750
341620
343634
317748
233021
434698
293274
143727
502322
401990
310199
569531
159502
277049
433035
394799
169325
178139
415310
373036
161384
292242
241497
322263
341940
295357
187430
348257
257220
319250
346109
591056
406942
1151937
377549
223048
384865
436538
265188
352380
308532
299348
284553
702249
356739
222055
362474
320181
513221
449523
328849
476234
214893
176046
221169
360883
273263
237028
503521
217858
324324
263276
321908
290770
167390
497755
305751
611512
300050
257022
293180
340216
1554296
262095
414384
422166
294487
288605
656711
396068
160088
603571
280572
278215
250346
302064
229529
310163
347898
589562
763317
231516
302326
377126
391312
390448
315994
263031
1318314
185853
348696
239030
523355
560535
717944
204802
274762
200689
273679
281516
180815
518397
285997
651355
277249
158777
293142
227022
425262
385982
377656
316718
391815
434024
297376
493864
221941
305431
209126
231178
404184
186784
177226
356183
205035
156086
341965
362083
1011722
182177
382718
242595
223115
306046
246493
212856
206029
892589
699887
267855
531765
327376
199636
439082
245484
254664
261551
437655
358434
308319
442408
469924
392335
346422
420710
199410
1235663
328554
221750
328529
518331
429285
549038
218839
354062
213949
243131
275500
164438
276866
242146
207016
485873
565372
183457
2408091
350315
198541
261875
271185
341095
272435
350100
232097
559926
300577
431107
286582
309113
496165
465627
355295
170554
343664
545976
220295
368662
489273
312297
217100
233142
746967
356994
301252
163361
973078
417257
325054
693467
277151
357896
468546
327016
358958
815267
365175
313422
388905
1398167
253996
231954
545267
609136
193500
301051
238555
380690
200070
1263473
332550
440600
218728
477384
315986
252753
358575
348555
338938
689354
180964
216294
480108
279560
321433
300194
720057
325308
330774
332495
322212
328650
1965251
317569
325271
209444
347516
627402
272466
980308
434194
304975
409558
356543
419351
296472
309024
297964
286177
149888
237438
509686
277782
203499
345243
344836
698596
302053
382561
274929
272836
276896
314950
695456
320486
346893
436086
440440
253614
433365
192493
285439
636393
420819
1010950
259717
573927
279085
280171
271579
230172
314017
357062
336072
286224
274421
314179
350692
353876
232549
713884
210071
458574
385141
310823
173512
213891
218549
264544
276901
519829
1388807
360108
268990
246083
264894
315725
333255
256320
416977
284028
596869
310882
433904
172052
201911
276689
212252
391815
301582
285381
360818
293706
206423
263918
412139
473596
196993
416462
346372
352881
339084
171724
162492
255257
207903
444458
593172
170929
1254522
366953
277398
346817
244445
228360
211978
315515
294407
214364
175741
360582
347104
243373
231002
351164
473952
206977
314418
291563
212370
294311
231260
282744
173724
332912
771412
392303
201784
172934
318782
356352
349300
302985
219412
750377
338886
185274
252224
391817
392224
305294
372408
357068
370873
272616
204219
471988
453021
264286
305800
468216
223209
309944
411296
360948
197870
239009
214567
489852
310655
283766
222665
322366
196281
265503
268533
301922
314249
469193
382336
332239
679669
345510
191491
274986
402458
192820
337616
540310
328882
340162
351793
227760
425109
356323
235736
225523
300470
215534
183987
422550
307471
313049
573263
295322
312798
628096
261459
365265
292961
148873
196562
188187
208435
392369
138495
205605
294009
673229
215377
306409
171860
723916
397746
302625
168477
247624
376839
219245
511394
335669
292950
226121
243660
266263
201388
323119
701817
318683
227954
410303
326024
235498
367002
312270
401333
243269
275375
178364
367822
332819
737790
235428
345320
309512
316061
550216
321100
371860
435503
435891
266265
612314
459251
257820
393299
396159
254691
241575
247197
175263
323019
281653
348155
229685
654768
161879
315703
552996
345712
300791
303037
393568
291798
331697
296144
345552
399219
404347
179847
279205
580625
261307
285656
787476
366552
276149
296921
478324
352780
204897
259775
475180
283715
372797
259564
313686
165297
274373
384625
516836
270237
345290
761083
384730
474231
325005
174834
1775072
258432
594672
365818
594773
199223
176945
373211
250967
254977
433554
269821
368726
317112
757735
177960
354546
295590
446741
262898
418064
477002
290692
307699
482460
268250
262579
280436
333908
390701
485764
373578
255864
599126
453824
241543
685856
250541
435788
567534
210032
196478
2298284
311340
321159
512789
380320
186825
299778
351665
350221
213094
687475
262989
294558
220006
434027
471683
342866
341706
611958
329936
305819
286150
119825
328233
264771
208321
292869
387546
277675
765837
276688
416264
2295042
474771
390818
298584
253195
331798
333378
194098
297473
181397
225712
368334
180921
2043274
253067
295966
683449
403399
257960
868034
359805
350079
235862
314040
475226
274543
248566
183168
392648
440779
353083
429194
432522
176495
401880
634409
275975
378269
324858
210387
283746
282739
940456
317527
425854
328067
162277
168106
151058
419956
283698
175757
248448
260626
385742
391821
342513
261379
441887
349555
291112
279431
367860
463089
278313
281843
263868
426970
155067
256468
617294
324829
350026
478343
310394
238901
347293
333763
259279
389729
222584
172328
367977
240813
261905
460472
412330
374038
226825
460016
405586
548550
381828
150956
286074
231680
263121
295013
354872
278320
524800
277426
433029
464987
366039
744626
543798
332265
334302
345120
168184
369921
199346
192836
288158
329819
208596
345294
161784
381997
440005
279286
171207
433610
301415
209009
364878
357068
261657
485291
332423
209437
202269
2103040
411424
352740
201547
266584
445184
343597
631316
320511
433072
312445
473548
564902
289736
167869
513948
261706
321515
197292
376192
187718
276608
262870
360753
509318
374679
731740
341340
273488
465561
303363
456274
382966
310569
373554
389832
428713
304054
333913
294272
273195
588697
652766
430842
435880
389113
312262
211773
453661
156428
645379
292709
263461
334452
319332
399219
301046
201023
325454
153180
184971
416350
239662
327330
224524
357910
287056
308247
318431
429806
167137
211452
255770
213077
351461
246079
204502
752925
275560
284188
353043
450444
265148
201924
405822
173209
239378
268606
349631
295855
275205
307743
366381
597651
548645
340308
1049229
248209
230469
264634
286184
332182
375944
382449
873444
245474
472297
352572
287017
286418
270526
360153
698558
187488
302660
732026
479539
374168
179084
380552
309717
286888
182335
389002
294961
256490
251032
415596
301965
288398
220404
316552
283113
298846
1104374
185502
262973
412293
275257
416299
314643
287373
1006348
422723
301934
449394
189600
572198
405472
288692
273941
348033
267180
375420
352547
286048
271502
466869
288919
303293
426324
453044
279588
265669
268296
480292
426569
268346
689077
364719
274072
239086
353289
307130
353044
300656
338292
489855
275150
230405
297116
468301
623009
195078
355460
310706
397095
891851
233011
652733
210324
175714
461340
1007267
426394
414021
399229
239243
341672
437710
505432
453051
207939
267833
302159
297558
239121
417641
185221
633394
570245
298754
388161
229128
391845
174985
201764
444078
339661
481103
302306
202966
311419
351132
276680
198610
344391
334946
1413869
287587
287935
708787
247111
439019
509962
1001736
370199
304032
268890
585256
161531
296217
212037
579752
198055
174225
273447
347418
301265
355799
166231
214884
702207
275713
342583
156539
158084
538722
385462
274780
776177
401423
128083
174249
767040
219626
447490
251614
190721
467282
388111
455299
661029
699095
249584
499409
372668
291772
443738
208685
255961
431386
598539
149590
329947
403065
550922
215437
437607
155273
252253
531316
258178
238779
633121
262313
356999
220283
353655
167511
459695
248944
391007
343914
288886
274181
175422
447892
364483
376021
453029
446687
391742
493639
348591
697902
252452
321513
165094
299245
147974
274579
265306
317915
389280
166857
341225
164473
399118
224441
388041
279255
344517
335876
401144
195914
730782
173250
225577
816100
539077
226406
250849
198970
382736
305257
246962
243599
188604
406175
304895
211030
174502
548137
262252
382406
313754
699577
217932
214420
385222
208446
624529
371736
276827
138940
347167
335490
461034
302460
318707
496844
375011
414663
286202
343940
320662
327246
268454
802869
489914
213295
445208
415596
386698
280314
394650
299491
339733
247293
748126
457729
369280
394660
185985
638591
197652
152837
353816
315769
240430
537669
298463
263298
380743
216517
331191
185303
354284
356625
223322
217537
423544
277674
181959
311228
360605
290626
522970
211982
212606
2340947
188818
733858
304097
218109
509253
247606
167647
163544
314807
400460
528739
294334
310611
220097
1752694
720748
255627
396723
423713
183659
289078
272083
210942
617534
311831
352313
311567
223937
261831
600079
163140
223917
440386
338484
312354
304794
375235
401443
301862
779218
429707
394393
341732
438106
267556
747961
1212870
178592
308103
166297
257872
394000
476859
124886
280656
276649
295790
122034
339950
455466
143407
495262
289354
195869
179659
341325
253731
714925
278442
377194
373161
206823
300927
303449
151132
483319
356885
213554
368914
280646
294668
271287
305242
238914
299030
337169
171138
337539
396720
18446744072710159026
214626
267068
259317
1192202
242541
711711
231072
929365
220351
388927
349960
448905
513163
348737
171918
265928
247292
508119
987362
367202
246979
742462
348497
275835
174873
336180
448997
557371
305319
567099
366376
193898
210976
359797
202755
338197
311644
364391
306052
337446
453007
361905
277643
537671
331187
217016
317519
384400
349155
395420
315414
299054
432449
368455
164531
303468
256973
2156940
202445
349332
427531
289169
1610136
333626
240282
723311
1661372
291181
382681
224445
475537
459651
307279
351971
186821
349609
339940
481167
301068
539758
291915
283149
217864
813597
122540
174035
250962
568514
339616
384249
276244
403693
363626
361412
336262
382848
573913
616992
249435
134872
367732
262980
638995
258224
442109
268764
391277
210555
187092
342555
360743
369331
279826
343544
559882
350244
263912
241835
262674
317202
337557
274467
240064
597510
264037
440742
497089
320762
305951
198879
198895
305459
530726
172766
404622
414365
281313
375349
262668
284843
357919
429030
2320317
192056
286157
248303
280169
319979
178273
337960
173879
213200
272153
266626
380436
319741
290062
384097
389892
717766
333002
142961
259039
286752
251705
284731
362144
314783
298488
1021855
392827
243145
224755
1024992
656174
354171
470354
342310
307856
319095
481467
188005
204034
339230
207052
220277
201051
448155
288038
380556
316872
169381
257060
480078
184377
524276
295768
330010
623552
157333
453119
257521
348405
190215
362875
358275
373567
352548
280323
361581
2239211
154213
198048
186918
233042
522182
215245
282797
477373
419974
553135
178336
307915
378600
635674
388196
283030
265582
263766
573827
147984
533981
341974
193406
240257
223577
266768
434991
516620
266482
314999
250497
331120
557834
224583
357083
247990
375379
320463
269227
245147
443204
750300
350467
281574
355641
531827
400602
367911
280602
259083
421763
163345
357504
333252
255537
338944
531218
277926
304724
349361
178029
259624
401460
355275
261846
255556
381483
214180
262412
180872
223657
198117
240738
187046
326291
278554
963596
270927
1028161
218720
392770
294048
247469
353341
365033
253753
352486
227876
237151
582928
231559
528446
709687
440926
176740
334614
194853
272606
160442
494149
489810
319692
345485
373767
293243
277998
249096
356256
312979
397196
461691
410502
470444
380694
245942
747297
256895
386432
245682
426785
267775
359620
230727
220181
254359
308604
147779
253774
534240
409481
331609
406671
235330
333313
370601
286601
194450
432158
296580
354231
389826
268732
348822
347998
199540
460956
438119
265073
386692
275762
468232
387686
370706
308631
299956
175889
302719
149748
719359
531508
264595
386725
204704
433579
335921
288368
570147
306320
161917
448658
346876
266096
376615
574706
472901
309479
351434
324862
243785
267639
427354
457063
395743
283821
168270
2029829
213542
206767
688261
294770
418557
385332
183442
484994
176484
241044
400383
307127
406965
359333
261706
372059
436107
409322
288625
367451
435148
308216
371586
341765
388865
265421
371776
284269
176260
669106
384894
291943
534706
224814
540323
351330
451947
217001
556157
343110
297291
336206
339285
257091
332981
336590
325623
520146
371517
282754
289161
232394
289684
365289
194346
277121
414627
293936
241159
345973
359727
171198
659576
263091
256188
1992128
316431
432001
335022
317820
369576
604509
343361
229007
409519
306629
458559
510598
332390
262652
431356
175670
230322
212721
248413
263669
472214
829534
321763
280339
715101
442988
650805
294007
361380
316543
449529
305088
374716
321568
278841
264366
367940
427497
199387
324648
236444
343678
295633
263463
350299
284998
473123
288551
428061
428602
248704
200090
314320
1000734
236533
339764
745305
704842
350867
204890
141074
237550
449651
622272
318337
145287
275011
273861
370278
1644637
261051
223726
312210
234454
176456
2646833
328059
332159
335450
440125
349386
312390
423997
372064
366985
216195
281990
307076
265904
294436
710446
254031
234779
250516
145908
593113
273590
290915
219393
307058
250617
299991
292666
424900
299302
310554
543159
434806
224392
418315
272473
365696
260219
328790
160827
413246
361750
211186
446614
279197
243439
393754
369768
213263
650799
1962212
197186
466312
303126
664683
187136
242587
790064
248731
184531
253150
282163
161549
260045
313194
387192
142260
202186
633093
579318
321386
173282
167948
157286
315315
179107
324783
207105
215997
278345
312548
363770
257995
701446
363265
311442
261886
275444
277359
144142
306330
140480
352722
205385
291145
362440
223700
632970
431017
3151200
360514
296599
240903
657706
398225
381765
226582
325854
391985
324099
217902
392841
198236
271008
318971
167351
749758
537892
214101
249951
185618
199611
428680
208794
265755
188177
174448
182139
335234
280831
231974
348631
437100
197751
252482
346145
421678
253837
308295
177799
418714
290181
338300
2598825
484543
362450
329327
321216
763410
214448
319447
615580
163008
275054
456881
208330
533107
352637
292859
295586
410744
353912
353600
364613
357375
273581
341281
321765
205902
456937
187635
436661
269923
350293
356051
379503
381299
800667
401594
324410
360306
369465
340302
327974
131564
651120
455341
297559
357774
602033
515865
209783
309703
438159
287130
525105
313459
280915
370793
351830
341854
242802
351065
466558
460334
462383
449698
239719
320219
203928
249859
2809594
270748
272742
402590
291323
346120
470646
355336
513157
370628
202615
293974
211509
186445
423196
351650
269622
374466
248147
423485
477791
475678
308018
356999
162451
295797
371746
339918
301849
343308
415957
260964
275874
607246
937442
288828
156446
398714
411493
300027
489916
316186
232383
166162
279640
383125
153371
221064
266711
488348
362023
351664
385957
860868
331397
954103
384623
346781
231425
375732
765795
494675
253565
276010
369365
536032
352312
312447
693640
323692
292316
280842
377714
374410
995365
391620
334300
542190
587560
141183
269351
393312
183906
282848
181894
323088
222742
289497
362102
491306
449201
413355
256843
374682
205850
284915
592948
460139
332460
260774
285285
338742
162064
236229
317725
387910
196531
161134
202671
295886
313340
239284
258865
299624
532896
353457
391695
348517
282512
487034
207965
501471
363205
330556
277531
385065
305579
544442
559178
151262
130834
202374
590454
252507
186269
289455
286481
162314
207431
189805
386385
343956
312184
159793
451602
383170
483662
500251
353872
235713
746535
321625
255590
260489
240448
198062
169181
333173
357511
256223
429598
265074
271569
443759
169535
899451
261069
235547
650475
309653
447535
350788
340345
300372
317424
535126
954468
197284
430028
305392
334931
290594
267629
276771
197132
370578
727156
523647
340563
471942
321113
360490
281917
496040
411045
224427
360107
384558
369661
1818950
194615
474400
322862
1060728
648232
168527
261218
254736
211286
367762
267439
351816
216723
265957
357803
254103
210215
383085
336744
282949
192880
297376
754661
435577
296004
306271
371498
285385
281467
254272
373963
280380
203076
179976
283776
342219
225122
407451
286372
382033
656567
302659
267563
257487
171931
292396
345529
280926
465766
628118
352747
198641
357154
145661
284438
225530
341860
526050
529072
599377
286001
178051
171463
312018
503062
290981
323756
210405
307505
450499
281424
479165
262550
293642
295884
392275
199218
308030
637582
843434
228935
254296
410260
175902
293692
201661
250735
544914
460755
275947
280024
441452
468412
506632
287071
362053
462462
577228
349529
328631
344206
455093
325742
282508
2192485
548974
524062
334651
345038
466886
179942
255085
378826
273050
281978
347366
671106
288891
269884
341358
257986
317102
328332
214750
278852
488251
291246
165407
408660
263044
359232
1535012
284868
255492
273928
633558
358047
330224
410087
315900
217856
332839
279033
311542
298756
344117
206485
416178
288673
341410
941177
365792
438716
794385
649249
281581
348303
527371
269966
269306
448943
353336
316681
437589
322445
245755
318347
198696
166369
441333
147300
426708
311908
567640
239089
286374
211601
489997
474132
343514
274909
359036
138137
189132
390197
424563
326550
377202
368396
361414
167026
204683
561640
372102
214238
376410
348165
268652
368795
274412
428719
463852
250542
254232
428435
404499
279610
352152
248468
309158
372642
736226
240742
356998
656781
289511
348237
1726982
507460
286210
179521
190753
363194
215628
193020
218915
204249
469284
361063
252709
707143
363938
432787
298634
359790
173264
674033
341649
303725
345902
273615
381183
176329
265841
290791
311858
334177
335080
313530
668946
231863
521827
255283
284331
261337
415326
143571
493139
246360
434887
324878
260053
278422
327572
366322
313455
973014
355267
680850
370203
420622
292756
274312
315004
401918
196639
201141
351235
188784
354317
748026
365304
228090
350533
292895
336809
254056
509328
376466
211130
193797
573034
278119
483082
253159
351497
291706
304864
417285
281250
271917
673532
286037
289647
270950
311419
243961
224066
292611
362474
142364
427260
932853
295455
579773
198358
363120
249100
215347
218534
268228
306124
373791
367162
251383
299893
481777
332818
230220
300746
187394
643794
258700
348979
412468
374911
319938
648790
249904
1843645
225752
472223
187277
514747
402543
317791
298035
257827
206789
216282
452518
362976
326678
435324
385952
330402
284685
352140
355260
366084
619106
259668
253555
477967
415969
309486
461029
318422
299247
483853
249053
388875
334738
197313
258058
433456
735782
304413
319349
168336
417924
305567
324861
721522
167637
223573
362828
380713
301310
477744
219956
251987
327996
515290
274546
562532
185826
221188
190545
169318
230536
393037
517940
288005
175998
324648
761194
222237
227459
321984
322801
331417
293908
195092
321639
299473
409528
401355
747773
228614
262367
492917
378699
270748
355253
248055
346332
334961
562004
795058
326232
259144
315688
271434
317847
271289
417536
266333
354346
311053
158085
274504
353481
329130
366510
227141
338991
311647
184873
450847
147246
426786
676586
271314
289805
142985
279088
383779
375870
208252
626031
369552
243421
227863
296226
187762
197799
356021
271922
240742
278987
739395
726822
405971
894689
659729
314000
376123
444403
246348
486324
438203
357198
401943
277495
429742
297784
311390
262890
366629
448312
312484
370501
355627
985467
1131781
294094
271744
700040
299678
172624
139752
205768
289681
377190
306569
472715
571011
259376
313111
344310
213256
344498
255174
347775
356115
463965
484860
296226
246788
323680
351063
339219
363804
457798
673137
309257
327752
163906
473019
241924
384685
187505
537895
363769
353308
357495
202457
344631
272121
279490
269561
418066
734623
163714
310673
889531
255385
162995
239617
1348787
314952
712726
316456
228882
484718
351614
208804
484858
353877
233766
454295
236149
805468
183523
365169
219210
171411
298902
346458
317214
329119
320553
202707
299266
281090
303068
309948
163494
655211
213230
344358
1216201
292561
250808
264006
481164
316388
251423
195046
373568
548744
175377
349410
208884
351520
270300
513316
254953
329673
439686
696235
274906
268711
162095
534565
735847
212612
348558
242896
356599
193325
414178
365572
335966
416257
346216
304384
427480
180924
378566
305191
289623
336514
228510
254505
711099
505743
462865
180661
176714
435598
269159
699951
249178
217955
297627
171798
432183
386336
321221
891843
431768
379846
213962
433466
334921
295970
272101
259844
434825
426146
303647
286029
462384
320576
462396
245498
316529
381561
569646
400865
173843
236777
174764
198626
196964
282719
404259
308451
492564
253107
259583
266043
357391
395732
732737
244520
496288
186020
314143
276446
308611
235356
415002
314953
247004
685178
263556
230214
607261
333475
132171
373819
357691
165419
487867
320782
272323
345248
358783
390101
355204
393527
308610
343222
341461
208676
352341
405464
202385
250984
354691
188538
739313
186568
176859
253374
238131
164596
183644
166097
438206
254488
355165
315562
235499
246482
1910844
285541
304367
396028
275159
221023
384886
322686
322550
294434
380799
345498
341653
765972
615191
247299
257544
422256
424966
361513
164667
233442
228281
297592
325491
317998
217924
567254
526164
253645
357450
366776
340180
502452
452629
337472
293099
400648
348974
235510
319271
317869
347362
458710
186309
216544
284286
495139
397409
385821
669773
341385
230415
815689
300628
304044
263647
311495
363012
481827
548934
267777
295089
310677
206502
443921
177173
320579
509902
236043
709227
156620
291684
197821
125479
244542
152527
423641
293424
369666
316152
223939
350420
361145
426241
302546
315978
705469
178786
375393
439732
283457
325314
296517
211944
246056
483245
430874
402474
247188
211147
486536
201222
273325
311144
297018
296977
438775
333977
321151
313257
272623
253548
347931
449874
529927
298194
272768
224734
673486
406640
369882
257608
248400
697390
503533
306463
317869
359466
453502
298313
326405
388011
257843
466623
528777
279165
380036
351097
232804
478731
273641
473302
294124
204399
329181
240456
248066
382400
456272
349278
441410
189135
224061
250513
506962
259935
389484
219298
206426
270546
730269
451718
998899
346716
394344
328085
602965
316682
326372
252688
439295
329890
301359
483358
337857
538997
550475
756838
938456
300902
285932
334738
281487
766947
283073
538296
382056
390245
178199
345990
218655
243234
343133
338666
329445
360067
248929
777314
422614
391186
351396
208132
162985
309296
277102
350312
309594
377879
526813
404505
171610
354037
763224
372536
602755
606638
179197
165345
129910
310727
197934
374797
343687
327658
594765
354103
318511
293079
399984
364303
204177
480548
180576
521332
786370
442778
393567
193715
442629
172087
166505
261390
266293
289618
228549
172598
247608
239535
320140
855358
353122
204204
306319
510827
419217
247563
838252
301805
353513
249904
431927
252983
421703
317258
136126
630162
555996
244599
152652
209834
319316
720090
206009
280125
312193
295694
456855
171660
272785
299428
170253
290708
215065
413414
266945
284764
259915
259198
355152
263192
364738
228085
550821
440674
312422
821404
301558
470679
286008
261123
708307
1803792
357082
463945
242665
172968
452780
356037
151377
435042
228195
306160
320099
319542
332367
294680
448745
293923
298515
297216
557929
371939
220551
495859
257319
307000
471752
315913
249250
523789
209399
247987
234334
469857
473017
543975
367512
461928
315751
268616
303293
190543
174963
329306
368179
407406
300022
295930
255253
188283
378156
473762
312530
179175
288359
289590
390512
351200
533164
417870
293758
240848
248861
377118
192581
167911
334841
420936
193691
266408
488992
316400
266066
433122
184598
694671
350283
380024
171722
2132035
301792
344599
177911
415378
387079
280854
240843
637552
313631
311974
274952
354060
612482
308143
312934
326801
330425
287613
287957
279449
374715
202858
394637
413638
226857
497779
445976
321828
345114
338638
309344
348780
965480
189163
502357
262074
776762
232008
393206
315023
255692
327386
437696
420344
270971
212970
407936
273957
162825
339431
206179
330765
303570
391679
483329
298995
274756
215870
320858
604818
304414
982664
379290
313682
791337
616506
433974
390705
248843
245283
231471
346954
336538
409999
502796
206874
282690
358439
351878
911497
278508
399353
290142
18446744072709846273
942664
374541
330166
363779
298440
163779
707733
449495
207277
449082
519616
224967
243926
408182
352955
165965
345127
706849
369301
349070
244734
134476
254657
329876
237199
342155
369336
475886
212439
547343
400226
390712
245192
202357
317614
466821
334207
134163
857397
379553
427893
546355
379006
289295
325055
472244
407438
329550
276000
247618
308709
437320
594903
381963
281347
182251
282426
511146
722740
967861
437511
267596
246548
404011
355781
369870
208307
215629
360122
265433
299118
232463
448377
247624
182774
443621
433415
259956
357844
315883
206406
267754
401089
400165
1977608
218861
333103
132733
665125
259835
315769
370640
289082
321701
253515
234656
318489
435623
510133
438908
423803
213552
315946
345918
344000
244683
220634
291770
255584
532165
335249
343733
223445
254500
214537
415536
325406
251498
352757
387090
309654
364442
249746
295684
596714
297222
353322
384076
299221
246414
462710
538715
197413
385097
310615
279841
448444
545145
533765
470646
379108
233257
459287
360754
853691
336184
204181
395170
379948
253735
306575
301405
362900
404386
393646
339868
280359
304819
302392
307124
685520
301505
378942
359646
181865
262363
740514
295266
291489
342216
370484
314143
262467
210919
378780
473763
252898
191661
336967
338541
443491
402632
333426
633699
345188
154655
370400
293036
155066
441193
289817
485538
18446744072709860307
360541
253721
324005
645026
240527
295430
259429
1370496
551908
207965
371512
184945
294418
330517
989751
312353
204160
228034
301989
451174
252342
397754
320044
219276
447161
210268
180844
282638
214710
257588
243292
234624
203468
399869
401290
366791
485253
329963
473966
699014
167063
202379
179704
516583
433573
184272
387862
216966
307257
865730
209504
303828
349078
351167
446677
262709
2065011
211649
245966
144877
733155
377989
349479
411229
269019
220549
328903
342718
284052
225192
208318
297015
400848
468708
372530
317460
231865
150121
345537
324403
275886
826376
394265
168161
538076
231301
324808
786758
460201
267502
311761
171161
778232
388374
296754
306349
484499
333771
235579
289958
451772
318074
576269
174732
184500
343377
309175
393460
150171
244966
359912
625934
206813
534790
158580
325906
372458
352253
409250
1799327
192357
256918
210001
720968
254720
330084
237448
267998
212809
373258
528402
492747
397971
251279
365136
259895
293712
300414
279222
376428
423264
207533
367300
223493
777305
298641
352033
526925
329279
172869
1011061
330259
172202
745221
278817
421274
168399
271881
355201
489195
269103
172317
203377
322936
276490
538077
210775
201206
164168
402093
326130
515023
340827
262597
381989
247761
250548
265941
299993
176391
203720
168040
329605
471866
247926
495705
738405
250190
394143
154963
324097
581098
265669
439752
343459
304388
341691
414247
449076
202035
260380
460501
356762
437051
168428
349737
973906
544134
355422
348036
646810
186330
425679
298052
594400
225286
350081
328371
218324
312214
177612
259049
309902
346431
287268
630613
255912
369791
695387
229556
325619
400791
184498
311769
340621
378001
229052
320665
259012
397092
271077
289578
187797
229271
323529
271470
361172
287174
435745
649862
352382
364050
698486
205054
311439
441128
267400
291371
264836
327892
302633
490294
231824
267970
476993
311377
149369
197704
331704
258260
587164
247168
253958
245434
290154
334481
433616
374333
504076
177147
354346
241159
269096
657614
130347
392143
253011
347535
276362
389330
430255
307825
370281
196885
594657
494474
258898
219518
180953
418537
337958
344177
503170
481504
232689
296874
452609
309318
351116
300979
992148
375100
360439
268101
442489
368033
506033
233511
746804
251287
584507
244624
164080
287406
334812
435806
475375
356413
350153
197243
275363
513954
395743
295658
311830
441286
202036
207342
292469
362537
170463
262597
772967
172462
274963
168371
546421
281856
227587
322163
834149
251777
452275
304709
412624
324887
978687
275106
337400
302679
360021
298557
416503
361242
503800
252875
743701
536652
414224
395552
338410
373042
389091
254961
941758
165085
348492
250085
350574
351218
380899
259910
224757
411420
273723
138133
178527
500363
172244
319811
759558
351118
261332
248558
344047
312472
326988
245960
330904
500870
275223
277889
251416
349374
242032
333562
341891
448643
482799
2548754
358273
290700
210169
193724
654901
305653
1021075
309855
370121
225945
344612
215062
407852
259987
361169
260476
588924
363196
711098
805095
306143
222283
267580
146597
170290
267087
411085
279275
639127
484657
351738
135442
409727
250556
421239
198541
551028
313144
433879
172224
266242
339352
335708
259178
208325
441355
333824
217347
232633
189981
392132
304553
713845
985633
557234
525529
343767
211444
395862
670648
230475
306549
210916
427586
348886
408527
269982
444036
316677
444375
163959
833903
423711
196013
327614
162231
606750
279707
218931
167766
289167
139889
229438
291012
310682
1345279
185018
831097
485289
223661
200547
269319
187461
270074
261505
248753
211068
392721
414587
482538
706221
251871
262380
286012
216229
282282
493695
446233
248472
158607
347989
206695
224867
276007
472888
295258
357833
541522
233571
258811
278706
349762
598135
173667
262247
352099
551298
270542
446637
245134
342405
339711
352310
269650
756988
270034
374414
280791
800791
262235
424194
362727
257932
213258
350383
185062
283986
187716
227206
994008
209986
460523
236991
346321
217628
282469
362057
400791
425512
362579
330644
388881
398726
317797
422584
307616
308869
402042
585259
311562
343950
255527
272696
499999
252963
464733
380855
157751
571978
339742
444216
201310
408833
210122
609640
535178
199906
684307
377448
488021
234135
342193
187892
203809
259514
514409
407749
318133
176936
439466
696657
1182800
716611
211329
442953
505721
439180
346452
283647
345066
327032
858661
381596
405824
374594
144879
202300
426960
221638
649878
475787
422840
366403
370205
353205
212055
402754
406424
189335
476595
266470
217246
329675
246734
299595
323544
754679
262342
372528
291487
380864
268172
289412
789745
135717
341879
250776
254796
154101
211243
197405
221642
165220
715916
403840
229496
294639
501283
188268
369288
831663
274468
157544
301638
609975
172520
179451
257044
369608
280328
714992
352074
562701
288094
222760
184639
306171
316643
214571
333191
151168
453019
263572
366785
198737
380999
381618
718451
270937
412307
312830
493180
596645
363181
267303
320109
635948
351422
436728
303109
644305
167264
348276
316738
697566
1441040
204725
428610
278571
366782
1790181
447115
209547
176464
334031
252612
581462
203612
599320
186655
717932
747205
386695
294510
279383
281071
208192
218631
321859
348897
304415
262407
333117
334318
383106
490947
351327
246898
164588
548197
253573
364396
300317
252377
307166
466248
399879
411344
195646
728054
475251
362138
135572
376204
251571
369634
343242
372988
465327
276888
242744
302607
233081
236278
391615
211622
238722
761859
376926
314355
363391
373646
224620
947080
343357
382657
342599
766302
249480
349005
401281
201073
294364
372976
2023880
283189
180380
320031
470427
479690
333331
186558
752716
383196
254323
334335
241637
258512
364898
484176
227183
314334
223602
274048
319406
636591
274584
259523
328254
230239
174742
583248
371175
312346
325865
243102
244864
492609
278604
204009
422495
264844
279202
211052
278697
310002
318278
302108
305350
415153
281970
612560
350975
708974
459252
355931
342897
257410
499604
340676
350742
186326
277943
352646
360799
388458
400543
555308
215374
286185
266122
330740
178053
336745
269490
368188
173685
399199
427394
340524
255766
684909
516079
339112
258497
579674
220027
161779
1041783
284648
309570
310245
544098
132792
210698
2202751
308766
325223
372806
456248
420183
379153
446207
303138
1698324
344255
398415
496600
248833
745329
434891
541320
476610
1067031
232005
505751
266408
1099549
211806
224878
448187
243622
323244
350138
230410
153935
308262
378044
563695
360256
246010
271340
447737
855480
228173
155035
471971
613674
275261
214711
566415
204841
293738
354304
303390
353530
207330
134463
174226
194792
313178
393293
345905
520265
459871
274994
157663
429070
572060
212065
288884
315122
205990
201851
415013
745243
411462
273061
220207
281368
352535
1078054
482072
504338
779556
439993
257021
744767
332169
450698
258429
225795
446288
669697
221540
310668
268815
342747
344330
447417
316086
194773
180051
715493
280307
475084
262676
399655
311675
253912
304602
305062
383793
314520
214685
713305
258511
394338
1557589
243285
253454
217964
356380
357135
540643
403932
439433
458653
315003
219776
409715
336028
280988
238938
299652
207014
721994
240385
256124
277784
182674
408094
441222
305478
455990
259278
425586
319404
546694
397260
278114
692469
736693
372942
389602
237290
157426
212111
318218
420397
317747
341211
229778
169351
418909
225759
491434
353400
195827
322976
426716
183036
411687
164696
286582
691925
349959
718766
252454
586476
309122
302567
422759
259950
200166
254731
353852
353234
310521
317464
521268
327201
251307
315994
162832
466126
431929
253920
280522
718601
324079
384955
306948
240776
360169
193104
245161
365212
341061
201527
595014
161548
301420
246771
322227
203517
262204
408286
377884
369084
293287
319070
833950
709695
494718
353153
165019
426252
532236
375852
390134
235450
469007
182285
249314
316859
427301
258519
311179
258067
187118
230034
310595
290298
511942
272481
212993
533056
413879
159173
230063
856213
288268
531517
290163
340991
363975
570698
320810
334664
319702
215824
418713
321394
399804
346020
361111
221859
203326
216992
323433
699719
448885
279767
204375
330747
267143
221131
359618
184313
334620
214700
419170
325560
454990
221890
325506
209607
270090
285779
424686
332750
379386
260030
233241
690289
360624
269441
279128
253019
630104
461862
286381
212784
219866
479589
182223
347846
378484
382812
193545
430891
272627
320750
280995
443791
257495
349703
294709
275806
342013
355602
166345
328680
228193
240641
689431
377391
528771
243579
213567
586655
306702
284452
434726
200510
200177
271840
450297
340997
284388
197315
247283
195217
290491
264945
442356
285644
455206
191459
184310
825417
435421
308313
483490
189257
506180
278371
137097
323155
342304
367162
684165
265665
327105
329621
245955
738704
423042
270480
361539
318489
276098
282092
214592
630400
359418
325785
465628
474745
287263
476590
358652
151934
318519
223307
405014
248009
969638
221553
334954
993439
464827
193848
197632
224941
304864
292961
1833904
393015
356581
379826
283590
525736
354450
444226
221006
395943
405451
345831
265449
297103
276010
237589
176289
301905
402147
318158
407116
312613
279105
333160
373534
369816
453577
311996
1713738
312190
305595
274018
166280
559234
211373
316970
232512
308191
545178
381604
251393
536119
586947
407861
356330
200494
283612
595132
313716
211083
330927
308082
391969
544737
345328
361174
275312
289536
675201
271339
158977
213202
409086
276938
207648
310347
395839
351041
334375
201898
397271
254602
245951
407463
413629
395764
191959
755884
662390
213165
372133
348894
343258
194023
331288
281728
293846
130592
397421
355734
242325
391147
349594
612863
391731
207813
356915
208208
360199
402016
196776
416812
391330
402841
398744
208424
367246
306309
198970
212568
302077
513824
254062
531347
538373
431301
212308
279745
258861
313829
208417
258947
218277
414839
965897
233283
273740
356363
334318
264022
376154
356111
301105
410358
304065
318801
334341
322416
225175
658158
417667
431589
328612
724985
251848
255431
256757
380058
489724
572923
346114
416622
364895
231907
240728
160675
412147
2409985
192649
681536
338455
273453
289581
162642
288324
358543
258441
262781
263329
181382
263413
329982
299131
429616
213401
791231
198505
420258
322164
434818
379605
232597
273586
325936
262151
704681
285792
241577
381483
298444
360762
241631
387877
319012
368366
349707
241497
367834
502970
339615
2903922
1169261
301270
351424
456864
534301
323440
319351
302217
197697
349950
462065
299251
334938
385922
312012
346231
336618
310593
201235
172963
683188
285837
309954
380826
352136
688905
321667
435395
243752
405525
367867
270309
316481
235201
637297
209659
412779
386745
451635
666999
426112
315362
356844
788302
509894
267244
340254
380197
495829
441979
343715
357550
262220
194706
207454
398970
699900
395024
185060
465695
399230
355235
264935
528819
193287
248549
208380
360107
347117
259676
201483
347207
354261
322726
224064
443454
140644
232616
561535
339181
417667
170488
286530
374208
278543
304113
290196
242754
401346
303142
280292
178532
626410
218194
377885
343331
359826
374648
553715
251513
169132
405415
237975
423882
398834
158075
304978
207171
311268
373206
339726
271426
269867
136738
379880
281712
330256
219728
339618
339244
378524
158772
321397
343368
369780
284241
417308
488907
716552
365309
366453
376140
213846
476745
465609
478237
394352
324717
381377
340669
324235
178050
233557
1029908
320363
475186
305314
365719
270317
1077403
227112
315104
318817
296545
357595
370332
310398
279194
385961
383212
418255
335394
455109
321890
652872
233597
203468
437700
355406
198345
438448
261551
352032
2208228
567804
306731
370212
331722
180329
480814
151312
352949
408118
212802
386102
388620
320453
986390
358847
181675
202948
565023
284549
308152
340497
453912
262685
299542
199245
220703
399930
449264
336918
446447
219393
356193
292879
438540
230041
449964
435488
470522
203182
244053
279524
230082
267461
246156
715857
319462
442303
436261
256054
317133
386399
2205680
286033
331898
389689
288393
411873
334125
309557
393835
391537
257109
293386
244659
384187
340337
269581
160526
380933
227065
222777
594814
397586
232729
537655
228032
333194
448137
455723
139208
546211
344449
296350
236384
301091
300845
164326
440820
275545
412108
356698
394018
174560
325770
319830
721603
148786
316713
582890
767980
650620
1084700
267334
276197
809351
389710
369816
284540
205893
355408
223362
299441
344382
348197
346581
447900
255064
829798
468521
381824
444945
229627
187177
328278
357918
704454
303173
455722
454341
348909
233108
359381
292251
211074
332071
381052
256678
361903
283125
186120
234502
313944
365874
167448
438848
386175
255488
448582
380922
205257
273094
282551
589497
243939
181324
280880
375392
437598
472725
357290
390860
490270
283533
711190
223723
389471
231517
326647
234931
287668
138210
322861
388788
182794
260492
317421
349811
306031
357292
695163
305899
248514
374956
421169
418882
367423
283121
313087
235797
355662
531110
457716
239024
392247
169673
2410983
1312993
453374
341188
136977
324105
234340
329857
368629
544742
256813
851927
357383
347641
296622
374242
170454
868872
213041
256543
461500
353083
446220
353275
338770
175505
416443
462820
242217
424658
436814
411981
194348
224993
175277
2418804
281072
369734
327600
780586
269159
232305
442701
215129
354158
283517
175708
355220
608366
294804
255469
213608
496037
412410
396520
305816
422261
363161
308682
271523
661577
367406
249393
1761195
250465
242801
406656
297305
244518
313309
318425
179450
169480
339820
205463
253717
433483
232566
239525
368336
443120
289754
257567
258564
273102
713726
300192
345368
241458
269990
352527
459107
154546
333364
316230
260957
282390
176029
301538
428456
358381
269705
272384
363717
254688
292912
164928
271863
169646
232324
231229
265031
400538
304023
289830
444413
287078
2279941
365592
275910
339581
251745
722663
365611
169845
338617
348982
2362788
455413
583817
201286
269005
304065
292699
336150
394988
334280
462388
314961
340556
207134
594987
341013
213820
196736
305420
353995
196082
290934
842930
193553
246175
256451
336517
451700
235371
446991
599435
178872
663402
294224
245997
228111
437124
391010
380476
251350
361968
478512
207437
282381
400273
324870
198394
247671
389299
180978
270805
398884
399869
368211
147166
470892
469261
544004
313951
360228
239433
369633
321521
289651
315871
298868
778360
218399
1012619
690247
219288
280306
388448
176077
319492
327954
560687
535934
310750
466076
445724
229683
357450
387403
387492
494292
255254
230195
493434
410405
334761
431531
356866
270676
213750
473992
200950
245306
336032
467585
251615
419892
324254
221125
238156
429796
743311
278060
326449
356182
295706
263769
262847
448988
554838
401698
140922
388714
554413
342226
329620
343748
288924
224565
342818
475086
288619
350913
434038
254005
2580166
181102
262227
303468
172888
299011
443756
298346
172012
315617
304584
505262
407732
585063
354935
340918
386954
233171
495214
362196
291614
301233
658435
494495
581506
215172
249679
164481
275146
353658
986669
229839
313320
407985
331928
345985
276272
327911
269127
410527
722453
253370
240843
221734
308391
885563
294118
318366
351541
371436
520087
215493
251217
239638
128308
544492
223255
380521
502500
286657
153089
263941
331783
234926
203893
225711
193973
764980
210244
466896
349964
323053
311789
328809
365974
267445
639926
242932
395395
306928
221871
413135
634158
455242
301189
137845
800894
264685
286217
366422
409418
235413
237536
270064
546581
320918
262797
271547
467071
276349
347806
359018
326191
551463
541462
180343
319726
659958
380015
525600
273879
275710
384763
311952
214455
202606
250912
352117
294926
307348
333696
698828
662927
149814
323890
275333
181744
386030
302007
257350
146804
168443
166761
245817
296321
244463
355778
645090
194962
168626
267935
503622
178085
298455
335446
264285
381163
172124
748366
259015
248665
248051
365741
297384
204624
202359
371276
166026
277356
344214
353841
319672
273272
278833
275573
255582
408358
409756
309487
310431
627211
422696
214130
278471
201993
593234
207122
265292
539725
612601
194510
212556
205698
549456
3254525
283318
374659
465421
344764
244941
366517
313234
474491
572538
225461
349880
424130
317177
448773
270663
400870
167415
738420
421001
275404
305819
566260
216032
556024
287849
243744
221084
407056
311323
144604
305145
260464
186428
450277
273287
257988
358814
466430
316485
191684
346064
196590
457480
363649
264169
440050
199909
301169
686823
403200
300102
226267
484654
445733
193631
176191
388650
290944
163948
405792
356116
424182
353316
386550
346948
261527
1628563
356338
273286
312211
307379
319244
535031
309884
258312
568765
1038843
337440
351279
709033
319718
421105
285321
210543
435701
282933
383805
212464
172967
223702
321482
242265
294527
322275
277160
284808
304387
330996
440373
748778
328704
351432
165750
445927
249667
204646
412150
273162
2058979
499680
577440
140173
313215
288274
242985
373298
376219
337193
331635
231504
181214
345791
517852
384299
366018
399298
403249
331702
502555
183636
223997
349429
206317
600467
369097
140345
337013
487240
310560
385043
596407
590400
128855
714862
216973
214134
280925
641553
632400
311688
412355
219131
147348
193305
473463
382263
141751
343463
356577
284193
195027
316883
365256
318190
247141
250000
370647
452364
380741
314147
176087
632601
760853
258332
280878
244591
497877
247851
260275
362580
437858
236706
165095
346197
282594
267271
737557
554922
350695
584373
216362
245224
260214
346036
271573
345552
315444
168090
235746
200405
2620948
259256
540473
720705
239337
502112
296195
399875
333933
404893
220025
362248
213091
286740
145767
472807
294461
2552998
334790
287732
263504
286640
226551
441828
425696
595060
2760682
300599
299077
227118
403921
207987
231859
388143
614649
176423
275029
377246
287374
352631
272054
184724
445361
194200
377488
191603
422703
218712
240520
340476
300133
299940
553421
279453
253962
341202
319194
339329
273060
314739
2169283
329394
231278
175332
272055
524031
427574
248462
144640
449501
394947
381862
509748
252166
155252
332099
332669
335998
798417
250384
315997
256300
172393
321069
349944
170322
357611
304974
442773
193484
615546
228097
242316
519994
522345
290978
414337
2219670
923562
313928
264886
359006
248657
622918
295184
227943
267256
196453
621751
164842
203426
423660
320331
172105
134073
346425
440487
446008
332249
314044
478976
589182
146993
339262
431024
240124
699368
331356
437776
884155
315918
303329
300764
265017
342067
204281
331106
348876
382908
280761
475170
169406
253858
223014
323099
169466
295809
373671
197735
596014
2826562
206625
171644
178463
203584
265208
261341
440370
413417
713578
306124
335701
387823
372196
352376
1501697
311363
273754
213523
369636
481775
376969
382756
855316
374646
344533
182704
611311
197390
328647
424010
797203
219006
399166
331585
318386
363616
370817
291865
287346
215802
467091
228062
208844
185732
533311
318582
265532
357804
380795
300937
356983
153976
156812
409205
763682
342079
315953
487798
414946
363714
415282
406428
193597
315081
516374
497372
296585
368902
201553
380168
194879
348038
270672
304203
409294
273776
777216
428635
339847
242870
349107
177318
597569
298789
576854
321593
357125
231932
1475356
210357
433686
220171
352689
471461
261003
250732
371099
361490
263499
244867
154339
267304
269633
273468
191798
363555
220208
299265
232276
374509
717517
284882
390875
401899
524851
239954
223355
301497
339240
403895
800257
296971
387149
239242
200910
297580
411125
358844
381055
380473
312449
379651
510010
359257
363581
302606
319027
235281
708525
230237
242797
225359
174764
422183
465256
254716
265988
442929
225782
247474
360690
318615
383345
308715
366121
551163
406235
339047
274014
435723
246990
542583
180015
363955
255635
417885
232743
346096
265184
214890
351498
309064
600813
466966
165371
301564
811872
440011
254003
326602
408014
149704
477592
464739
365295
403956
346024
319544
308311
204973
432805
248881
549845
249868
309696
342643
254859
746862
340741
299836
253734
442805
350012
255583
325267
364063
268461
714015
512464
181780
211029
390987
293185
437656
293488
355680
370691
931221
484939
347471
240649
742441
339960
558578
198607
445527
291612
417421
223211
556479
348699
717787
173392
426314
453765
198067
303571
463211
293093
335933
676968
235988
700005
316936
314765
251501
311205
615789
328430
447521
261384
355902
273825
217981
340439
431424
585434
302287
294602
316090
311637
364070
494445
213523
282952
408806
398756
484119
471049
262386
415127
317747
340794
338533
353241
221352
746528
443683
269005
545634
524004
346819
210228
385932
303875
344318
207734
201403
