632362
99353
104332
113398
332162
113677
108552
114813
128190
171283
94281
106226
160321
81309
86191
127392
138754
158674
126324
115886
124669
138913
105302
98968
324577
117371
151801
135580
140740
117351
118368
126094
111590
118152
107451
113142
124305
88145
98451
100521
95286
106711
112575
95370
323827
103489
112848
98694
130713
127397
149979
152880
117366
101713
125089
146407
90823
123078
113081
110898
125333
101769
94323
106464
352811
141493
134806
106086
375723
186649
121421
150974
172311
90372
111892
106754
125255
99242
126438
96050
92294
143745
138980
156261
298575
127026
116542
119159
124982
124755
86924
127071
170114
125878
79778
118317
105625
108347
132751
159103
104861
97355
86076
101520
302079
105636
97632
132131
106463
101820
114788
118397
89735
98596
94338
132145
406340
117076
126613
121468
136575
156630
121006
110903
319221
120393
151405
129145
147660
101045
135174
130576
95697
131788
112520
92289
96586
99699
132587
112935
124045
126193
150593
127417
304669
124556
101815
138589
112899
110143
112695
109967
113588
119662
144646
164678
151088
177496
138393
126616
120075
137147
116780
115940
326653
107993
110144
120308
118647
118565
106690
127871
106909
91457
118233
139251
140277
125506
96891
94910
106089
152749
324766
107461
99045
112625
147403
117407
432593
103043
124407
106255
132665
168152
103280
143072
143847
126345
170767
121114
160470
125066
125963
133433
113167
156100
137712
140150
126280
132860
107405
144312
334433
118690
104245
94371
112972
113415
132821
111468
107553
126160
128088
148068
106227
103237
111968
119511
111839
96418
103839
107749
127777
97016
107759
129455
149104
334799
97350
133973
183818
127229
148412
73726
149614
143043
396525
122036
93742
136826
117709
94129
126591
112666
116750
120652
107638
112213
130158
111326
96940
283504
130374
124871
96883
105524
110476
124932
104265
111789
114807
103085
120035
143784
148756
139907
88756
107376
113248
109329
99020
109799
86940
100821
218522
385828
121098
116370
111837
107673
106549
111050
93497
126114
111075
122233
118807
133465
112572
107174
118815
100099
132191
137424
113087
102679
107512
119863
112273
312823
118972
98283
327839
111708
99371
106483
129961
135488
138247
106651
112893
160606
101602
123005
140973
101252
118355
146747
146058
141682
181500
107065
124759
326416
142460
132114
99289
118954
106584
104792
126802
124994
134169
104741
159337
128587
98329
126745
105416
121063
125798
107851
120308
119846
112385
157460
123958
314550
148528
119156
117801
113214
135270
106259
102481
107938
146851
98597
148659
156228
152172
102212
117827
152944
132913
104983
120222
116737
103596
166614
125834
363235
112615
132289
105138
86441
104046
103112
130761
100951
110992
134642
107693
113104
99838
101244
124575
99038
102596
110847
128990
102800
136427
125237
101574
127275
113299
121136
111602
110733
111250
362634
106041
101873
181783
170153
94190
106307
115990
93426
111307
114635
105510
137047
107275
118320
117714
111605
113378
108514
143027
88504
107198
132602
135528
116556
117440
152340
117316
159020
114590
287853
114190
136354
105744
121613
107402
93673
107186
107090
80740
86987
117582
138695
103891
119372
399432
131360
164692
166408
107216
121846
111868
110762
104364
124424
91306
96685
95311
116380
126048
334153
126654
125976
96917
107127
91389
102645
118178
133256
129000
145344
114590
119096
143012
128046
106672
121680
117620
122871
125234
106982
108993
113102
100004
97995
116251
102513
139131
117694
143853
113482
311909
112143
106370
116888
93809
106680
103371
170923
124724
107048
102353
156713
111493
133014
132757
112197
154304
102933
351410
95792
98662
113020
135054
91201
111093
125848
121609
119563
136599
119677
282692
113907
129885
294732
122205
120717
104328
134180
132910
184038
143360
126085
146139
154783
153424
103056
143936
138642
144417
144998
95100
112334
128248
113861
170648
90082
150187
114716
97574
126414
325210
109274
109085
94201
148601
138869
80057
143480
86398
125599
115697
125550
160197
148553
363178
141728
117978
124635
104458
99657
128144
133897
361210
110567
104099
144483
157810
150078
166595
117954
354814
130324
121812
95583
111918
120594
101117
111987
94270
128105
96744
115904
157521
103197
145207
119751
134576
108635
112479
111694
133885
117609
87025
126938
90569
105701
133080
111494
114152
106579
112097
83797
116011
307198
102326
366285
129871
102101
137650
143796
117946
118519
122240
97716
124475
152083
150941
133363
138552
104738
134171
75392
108656
97529
152153
107416
133302
125357
106338
100423
83965
104348
100308
101889
132249
101277
448280
159640
100340
133044
125392
107192
144784
123927
147543
317094
113868
152818
119902
124449
118488
103047
133332
98008
124807
117481
109316
78004
146495
112521
125911
111925
127382
134198
181944
126161
132836
159653
92038
246446
95402
94693
127912
83739
91593
108515
102349
108278
134417
112088
124702
108111
144090
137501
97147
118599
133877
148594
118808
131226
149600
152138
121082
133132
138773
133995
119217
149289
117008
94596
136158
117602
207883
113969
123290
120596
125834
114776
114399
141764
98051
96737
136318
133354
127537
112330
133119
108568
121312
127449
114489
135666
180143
141906
128120
114232
112390
108003
121229
107359
103859
117169
158487
368529
201223
461045
131230
141512
105211
101920
110060
127918
98069
126169
105929
124221
106115
104250
105432
124748
131941
152414
132903
87007
121270
134065
117509
106656
136531
110741
120447
112184
105908
156356
149689
126355
105369
135672
400511
118570
108553
128528
128574
137890
118351
121890
120066
150207
152878
113269
108915
106063
134997
181620
367414
124933
328745
115732
79837
112096
107197
119973
107312
111599
106061
111203
118679
122739
98511
106812
106834
1160176
109715
132045
119594
106276
116690
121203
96201
123993
336332
111693
107333
106806
101452
92713
131510
126704
89935
107752
134455
113433
116131
117388
101437
158271
86487
108665
113455
139863
158479
96322
134333
132882
348500
122254
98768
114986
98860
101081
106691
119726
122124
124101
118158
113349
135749
113863
110842
120561
163988
143878
291374
98849
134396
166173
118780
112388
161546
94167
120059
95085
168011
150453
117870
109089
111242
131342
118775
112852
343807
133310
170219
131324
106483
121121
122980
111454
105247
119869
123874
108694
102536
116326
80992
125135
125823
113081
231258
107246
115092
116579
113954
142483
109742
101036
107665
112352
120130
124081
111212
119268
105533
135047
153325
153228
426537
146311
143471
114457
126768
132268
136095
143736
105944
123973
134002
145460
356951
149419
161154
101083
115061
108736
283968
118259
136872
146412
132106
114647
138997
116754
126248
97457
88422
83265
98008
94711
112203
95725
124721
109560
290013
103039
105227
133322
133377
92943
117157
106592
100057
145563
354272
97536
124741
143928
111888
106664
111141
111179
330388
94359
125625
327385
144205
105613
128885
97556
319815
128253
152003
108552
123683
123293
105998
111527
133212
92181
330955
94034
131497
125541
112984
119374
111028
159423
126224
79706
180820
166565
118921
186823
116807
127312
124177
118279
341778
110743
102279
160363
97613
84335
135564
98038
133979
89091
105066
109705
113756
109043
111101
129436
82669
123421
345904
113656
129164
127376
104972
127662
125801
98473
132478
143276
153048
111840
121907
99927
132649
125036
111672
94368
320417
131910
148193
117994
103227
106342
157645
133580
107909
111095
105348
111522
102293
124691
89714
127788
137768
132233
100085
150099
384709
134836
106661
118262
129844
109176
118563
98309
132590
118390
93174
118501
110704
111138
133528
142840
105643
134002
117250
107173
325782
112184
132775
153868
118331
143365
132012
124821
125381
127496
122104
97879
153836
129272
83018
87403
103540
103914
125085
102452
287846
136587
135848
108342
114019
113104
110578
124118
126981
139624
106131
126074
104997
143378
106906
103280
115113
107020
120372
111739
400747
122984
147708
125319
129544
166681
82515
133073
118467
143265
112208
107374
119064
90665
103391
135561
133271
90780
94186
109109
285979
125894
135872
86632
127387
93966
114652
127502
106051
133277
127095
104348
118053
94685
107487
98411
110979
112823
109711
101263
354314
90618
125853
124136
110936
98092
122260
140009
111390
124545
90355
112444
132645
97591
125231
106105
106753
128779
106763
111165
308544
125681
135059
101775
140374
109307
101923
132190
122529
112918
146630
153622
111928
130310
76966
129794
122092
385063
134051
323400
296545
132312
119591
88057
94284
135373
126709
123621
118570
115132
119701
121103
105161
179213
118184
112254
121286
147865
104680
128741
274684
95420
119388
96249
137834
142015
125831
113806
123708
142356
104979
105891
113976
113070
143346
102123
113898
351881
116980
111437
317838
154794
96417
90446
131443
139308
113357
124910
106031
125101
157560
118102
142544
117463
144298
116442
118980
154034
112352
153519
319534
112513
172409
109065
132665
97104
119381
118042
118109
131515
97866
133684
125826
106610
147084
107127
97375
113012
141938
123435
194941
114724
90331
109668
103210
113051
380309
104404
106707
139600
112152
132853
142218
120482
112166
127178
142958
136499
111604
108768
117749
124585
151907
114423
103948
125678
131754
124927
132292
134309
97835
125619
273400
105802
176784
106356
135967
133238
157276
103938
103744
116821
90641
94465
102596
103960
79192
118028
160761
172155
186549
114545
127712
88617
128478
119833
103987
105399
435327
119283
106136
143974
129729
128920
133624
102137
131146
120101
113980
98932
120659
107192
125805
108836
94504
113141
142999
131355
157513
124156
112206
119672
98443
131614
261380
89287
106269
106344
356855
113944
134421
148396
95129
101187
104261
103680
136728
97825
95462
184972
109658
140390
141254
140940
97668
106883
138141
134935
158385
147211
290563
132048
149268
113093
128657
117265
127146
156958
121341
142316
130827
91491
101550
123225
93442
125889
115152
124911
133716
121478
132067
331237
128107
106525
107651
112773
411159
103286
88136
133832
201449
147044
178295
132082
120794
177917
91403
149432
114280
96457
138197
102219
107480
108559
108457
133372
177366
126932
113217
144116
120032
126548
358936
107297
95841
110748
141120
143930
109526
108012
120650
124282
131902
100617
127936
92276
189759
332219
99374
113972
106085
93717
109834
140456
93854
125997
111383
126112
393940
124613
130669
106482
125095
129069
132837
108891
134857
150141
136186
116106
149284
116772
127192
121599
303156
101624
111095
140955
146819
119335
134811
100980
90401
114026
102008
133895
125129
97603
124467
135497
143671
105495
112608
178895
271363
119569
110494
126179
142573
122151
118358
124446
113061
115015
117177
103427
108188
97923
136390
127367
125405
162711
107044
112180
143216
111970
103891
137069
111989
105050
128639
124522
111426
98636
160097
117442
97601
122326
118649
99790
276457
109353
104744
76930
147077
123446
133274
109436
98769
109228
117592
125638
101323
125316
100222
116790
127560
124429
149980
118162
104482
127611
117479
134665
99515
162361
128895
197025
126559
113400
96438
132346
106711
94056
353432
124012
340092
133153
105833
124990
142315
110543
105710
117493
104566
124983
149311
139677
140348
111114
148392
103829
118461
89139
94464
113736
122281
105552
116539
136656
124576
149482
132413
106001
127861
133730
116721
107357
130692
161232
95168
127628
286632
102383
112727
104545
93441
105745
112211
332260
124938
99215
98185
106550
113591
154732
196192
119285
107086
104849
148540
117844
107244
120671
102249
123526
90647
118330
96058
132853
127332
117370
107468
157700
127805
107385
111822
131208
991943
107090
125973
87774
103204
112022
106163
110390
87127
101837
159075
126641
97394
101025
101481
126746
178126
187009
124952
117698
95111
88623
112725
107603
100520
114538
119386
160447
92386
118047
114747
116335
118148
121315
97268
109934
281793
101220
131238
170854
113152
111055
121119
128134
110485
116465
128276
97891
127083
133415
118299
160217
147310
158670
131508
96573
126884
170187
98136
121987
106212
116603
108007
356428
88671
143499
106354
102736
101809
100504
118400
126872
333580
87548
104752
85600
85976
141305
126438
104696
104402
125035
141615
138695
148434
198113
124940
130554
107617
138452
109751
155827
113175
427576
91145
101856
154900
101861
164435
104839
131709
103431
129387
103954
136584
289232
115508
121316
123509
118300
93830
111399
102466
144364
103079
150699
97329
101577
97530
97394
118606
97080
90455
97579
113734
92905
143273
127788
112588
128984
132673
100522
113032
104468
127754
104232
112257
140302
274356
191321
108597
126976
113575
123365
154639
99698
132080
107978
139455
126947
134542
118394
134620
112990
133495
112301
106273
350085
149242
90391
118836
121920
102333
117065
128494
100858
165168
106985
109087
126137
104827
327542
124381
104575
118596
132155
130117
125073
122219
102955
118953
119907
145125
131788
118176
149476
121837
113290
100481
144464
122074
138716
89893
112186
132738
134650
158399
121211
119412
125129
143837
153675
130494
112102
334675
116769
109189
101545
89496
105656
112910
171178
94409
106158
101471
113200
97552
105521
133765
120286
133560
252316
104871
109498
193626
134112
119337
125098
115495
113865
127609
123366
127432
142100
118661
101659
163429
307027
137265
111077
139007
134064
117612
98399
93578
141069
114156
83549
133049
150613
119373
351154
150883
96395
127055
111454
118929
112262
115090
119210
129244
398829
111931
109489
93750
105972
118409
96262
125190
106803
403107
107173
101389
121468
100352
140281
112200
107946
106625
150053
129993
113065
124233
134097
111971
240208
113079
108571
129054
109503
124146
88938
88353
101753
92883
148140
132316
154252
113279
127340
119238
118837
118560
337429
139669
97986
147716
94282
169156
128266
112048
111135
111999
105701
108517
147160
99488
133614
126317
132590
91011
99666
118617
94199
124574
115042
119502
146875
95818
97881
124461
107745
117301
174512
103963
300408
119461
113839
135718
106237
132093
120526
107384
108279
111377
152811
102257
104248
110790
139103
122779
112559
114780
147905
178416
123890
117735
106665
104733
118266
94227
102563
101940
129719
124215
106293
103894
288756
98528
112255
95199
109612
169346
95564
133639
112068
106533
95431
147907
127155
130989
143697
123735
132744
88226
128539
127030
119552
149257
106414
187586
108346
120341
114335
124936
88322
127023
126851
91806
377200
133359
97261
121894
118692
109384
100117
132931
172524
131162
123310
104806
134197
130692
106242
109052
133997
122212
110967
119006
111737
110684
131613
90611
143661
120716
124235
125893
109273
114268
335247
121091
295642
104949
158538
112685
160539
152586
144044
111384
157402
96512
119685
94493
134598
107041
107795
105648
114445
105875
106045
126915
132847
111229
136635
107207
98741
93408
117155
128527
142446
113472
107330
86118
312212
113514
143669
101853
100719
158126
87416
125228
101378
114896
123888
115016
115033
112141
126051
104263
127737
113440
144409
110466
150340
112424
114769
148053
111799
108111
103160
85981
182383
116772
98145
117866
270561
125849
102413
102706
136695
144825
105976
118000
120752
106997
152901
118526
106306
113057
114137
128169
125166
114499
1062011
97341
118488
115136
133182
118734
127840
123876
111858
112267
113179
95028
92419
97088
135484
88911
96778
113388
409420
159874
106201
166500
103038
126349
106616
114322
107067
106772
102348
134863
127493
122241
126165
133563
129884
107759
432325
126123
112922
93760
105456
118257
171033
144884
126346
123266
104711
168038
103282
109048
76374
140850
115969
127691
350736
118994
121992
101526
106941
107130
118502
97696
97327
113590
112559
103658
118491
122485
93652
126056
112141
123506
345863
125370
134192
126438
97354
141794
149828
117586
101092
120367
134424
113619
124584
108614
125616
94764
119792
126208
404488
87777
146281
156976
143141
124231
124404
113925
104825
174343
112144
107326
99804
111600
100437
112543
167549
106707
443453
125371
115566
117041
118899
118043
123138
167530
133560
97599
113389
95102
130224
126517
102088
124854
132866
351826
604958
155993
139873
108205
106578
97404
145594
101849
111396
110664
111278
117507
122695
89720
97704
169937
132580
148471
342527
112426
92177
102695
108066
127335
135697
121803
107778
99921
159862
139635
134553
102902
111992
107195
133290
100902
285859
152311
155527
121565
129988
87851
171059
171172
139072
118269
109144
90157
122233
127896
87976
94488
106988
119174
325720
143533
112581
120992
95453
141308
98846
115300
131783
108215
129294
101468
117512
111058
114972
109975
133145
108604
274266
144375
132770
134135
127013
149116
150644
119983
117656
112992
103825
117862
144019
152919
134947
166628
147350
96113
100139
100524
107505
123158
159768
106650
114317
110462
111362
128126
93937
121919
160683
134262
106558
134134
272534
94476
114476
124016
100873
92608
140211
127930
125260
79099
117841
115739
126881
125792
103863
91059
126095
137935
117271
132652
121464
103222
121424
143852
125583
108263
124682
109476
117537
134091
98215
105418
94463
329398
376488
113322
108710
114369
134347
92374
128422
100526
118377
120014
127691
106623
104909
109909
99877
119767
125375
106860
111995
86665
99886
113355
105484
132154
106818
155589
118210
100257
131656
138881
126308
144532
120244
107629
345045
109916
121766
128787
113420
131184
121434
124401
103175
98025
96764
106774
85932
105973
112173
115830
109974
114310
87994
106121
104839
293315
127298
133369
148455
127066
150939
111640
114550
143393
134591
126059
135091
116803
396552
148397
119070
113697
112866
122649
124767
151076
113079
133581
135677
153597
127337
116145
83640
128283
93249
113817
117089
116162
133982
123066
124807
97359
95756
127311
98578
126006
143591
105736
133306
124514
134952
136592
425042
110907
124608
113508
147847
105198
117686
170266
121488
110286
115601
151204
119144
135188
70605
120544
113033
137753
136093
127182
165712
134701
144342
118638
95333
105920
121296
91739
124493
136852
124539
127490
81407
95369
379882
97060
114669
112656
96095
109129
101387
107149
110626
137041
123958
137011
124714
105767
103468
107906
116676
108103
151428
100233
144522
112896
117794
103950
351081
112129
134552
104827
120158
116558
121607
109118
113834
148463
333274
124266
125705
135230
115332
132048
123526
133068
108844
125643
164119
107637
114743
111917
106916
109564
101838
127995
469777
116679
326545
106061
86391
107601
115509
113946
97416
172080
150649
123920
105283
120591
140684
116969
118481
113212
339176
139182
95198
136887
111504
114715
127400
128118
118137
98709
88566
109084
128652
107213
126558
128486
135230
94275
349553
97058
136747
128124
87906
157531
96887
125035
104081
86352
105182
101707
133139
97119
176660
118714
132395
123016
401670
106273
161258
118252
95719
127989
101903
103700
116444
123611
132629
128764
111795
117230
105741
104332
119501
110544
497304
133404
110730
284310
168286
110957
108708
126112
116060
141669
137263
104658
129352
143596
146075
118462
134346
115710
403071
113746
180498
181823
114278
111231
326145
82917
108893
119199
86153
113088
112539
93604
125065
127943
160372
125474
329634
123296
111161
150530
107636
112899
88341
111955
132756
110039
139751
125128
99319
159150
133774
147827
114192
101916
774903
127210
136010
145139
154819
129061
132531
113630
105782
119429
122466
135848
132654
131532
170929
116520
117076
126047
289222
104784
136121
111989
117707
146698
127052
159906
100748
93362
147630
105332
109644
118195
107423
156448
102120
80491
334595
153069
327494
85215
116088
119325
127713
167330
125713
132167
134048
111414
107940
92930
147186
104742
117855
101402
242004
334335
102961
164364
85886
121039
140268
97900
96365
108618
98430
120196
154227
107806
112668
143910
124218
126528
159701
352344
129457
155936
124118
105204
135000
404428
111578
142430
128068
120915
120734
120499
102496
94893
118031
149098
107642
137102
117897
122005
123712
132419
131980
196088
85498
159003
129153
159280
143480
144484
274516
144915
107284
130980
164723
138811
108689
132249
111068
111193
121856
117478
92667
74671
127245
128087
151321
134202
113236
111759
133485
121154
96842
112593
112678
374937
126129
130633
131110
126945
130495
128117
159903
112375
119370
133634
149145
129988
101908
120193
123909
106134
160450
96323
168381
218116
124240
152987
101275
126500
293755
130680
169555
144165
98473
117622
102320
131805
112486
114548
136295
126277
121197
129802
107369
132572
124891
125582
96139
111863
149772
131733
130183
135268
159556
411833
121527
134446
105347
112196
103847
97302
122127
148269
133010
89387
102850
99904
103768
101491
181928
145061
133239
135625
117622
128345
160317
128780
134919
120298
338460
146566
126352
113349
125888
126243
113915
126907
118084
117820
134686
115400
163060
106178
99956
141924
112278
118578
120035
152005
119077
157599
95098
139469
125412
300084
92772
144849
134106
123997
123713
94163
119682
98527
142949
126027
106454
125244
132791
135896
118821
146392
112871
327242
392682
111813
99220
102846
118814
90107
352188
115229
133576
167043
91155
111585
84691
131409
94802
86616
95872
138763
111789
360956
105371
112354
95074
97349
97915
114894
134228
126841
136149
101444
132102
305962
128757
130478
144686
105008
104328
133981
127748
116788
105046
114713
175619
124045
105599
109247
78642
105073
125223
101605
359382
141182
125214
149566
96187
111473
125471
128533
112546
108916
96940
126513
117429
137759
136797
138070
143397
172553
95315
287135
157014
111487
114314
125296
141018
95582
127227
92001
126653
146974
104095
131730
150586
108413
105541
108069
125109
115144
368730
80332
92806
77826
125858
143155
132385
144008
88237
106174
113572
153079
105332
105987
123075
121965
113891
100684
134139
414492
138692
147064
361406
142469
121034
96543
115577
108202
105618
148397
114773
102023
182458
137469
119463
169692
101805
139505
378752
138203
133991
128400
137433
163717
118235
89085
112854
97258
103416
135475
126003
102611
119949
136527
131804
137585
134635
355510
171980
107638
92135
117332
163225
106605
149703
108697
133303
88111
83140
113493
124696
101384
127668
136772
113125
364758
309025
109223
126915
118530
119387
95553
140686
97578
124482
134482
96924
106846
136673
134668
94899
115031
159229
136458
133469
301525
100888
93314
121811
122925
123661
160321
119786
126930
131519
105574
101630
155583
111627
112083
113500
142193
128323
106974
282683
106194
107374
133550
120243
105191
154190
124083
107810
131154
166755
124615
113305
119999
126567
119418
140353
108360
104244
338264
92457
167756
107413
127956
132926
113960
366934
110518
159077
123396
147545
85200
99286
112385
160050
167597
125227
341770
106360
85840
126841
113791
126092
105714
94590
106815
132870
117496
131034
128930
105191
140066
110215
191743
117544
131099
134396
98210
101193
126473
133689
122098
108465
326207
125185
102323
115604
112288
97550
118192
135485
313803
118639
105789
105548
96979
117661
125577
112269
112084
273564
104979
87672
148003
132770
127372
141569
121108
126852
90864
111180
133590
134939
119865
112457
141081
116991
134688
117509
102471
134516
141690
137176
106518
96381
399595
139493
117576
133956
119217
143814
104005
158985
103172
108253
87741
129832
133786
86232
122516
87534
124834
144409
109451
159262
108053
117596
123822
123825
124310
111679
109817
165157
117565
112144
139956
119633
142522
135525
432646
133193
124307
127795
125666
143508
101701
123919
133008
126199
113768
128618
141097
113854
87794
106768
117012
109332
89133
110789
107852
112997
124654
133498
108599
112278
131417
94432
88151
111641
147889
144769
125782
157739
398679
96610
112276
127180
129744
125997
118210
152906
175194
93075
125447
107937
102224
103550
80453
135598
133739
108743
113853
154823
149442
148852
113323
113488
106518
144977
105928
142674
118373
116309
116957
133000
112210
113883
240533
118212
103790
168968
105412
156395
101061
111717
106331
148701
138862
110650
100162
111018
125692
124801
92463
184793
117451
152840
107374
129902
106129
135046
143793
95298
108576
98056
107701
128091
118991
106262
112006
119010
375712
102580
132829
134609
125108
159944
114283
126286
113339
130782
110945
126127
139028
119660
147258
105111
134387
118455
124404
125069
94788
153829
106639
125001
127715
152188
101529
119732
240089
126205
102031
125310
100224
113011
415771
94855
103186
104259
131911
125508
125137
112761
117484
146557
126575
133230
117784
102409
101093
110654
126467
119320
132718
100691
99166
321618
127533
126186
103178
117470
135891
108038
116951
106754
91801
140444
111467
158350
154833
113342
173808
138771
95727
126163
155351
106210
344134
109206
123458
137541
105292
142422
122530
111243
112519
94083
115038
94453
117056
132051
113243
109294
112385
130343
138928
105676
101267
347950
150872
320784
124263
125360
106504
153621
126274
127054
113287
96854
92795
90447
125113
153426
169783
89901
143791
130337
126296
133015
288637
88834
149541
112266
92427
105094
158206
138527
93276
123613
133366
124402
106097
136725
135182
106845
135574
110979
135278
165675
133158
432027
97574
153738
121055
133841
133984
142999
125700
106015
93674
110560
97612
108060
111639
112710
143619
116802
128385
118165
126743
112166
355650
121788
109621
120720
102592
141749
78430
91116
128879
142597
104379
112481
135389
97305
110402
111707
137079
103056
97274
141724
119562
315303
134677
93234
107029
138183
97576
112851
114800
99130
104940
142710
107658
99174
97113
114085
142038
117720
146959
108207
86731
141313
265423
111659
94777
104933
109984
106575
137392
135251
107299
140549
111775
101755
119995
123767
155760
131339
94226
104593
106187
125551
125988
332207
124650
131434
126289
143719
121015
85545
133318
83720
112056
116786
101534
138480
111058
110822
131654
105437
140984
118259
125923
104316
382389
116605
97969
107668
113450
133441
125159
91928
105295
108708
108614
107923
111572
95121
100385
95274
115743
119289
127737
94504
119906
118538
276412
116270
118442
132716
100724
121900
94351
133470
140238
118911
107573
104377
374061
132104
102853
113289
128569
117621
110786
120825
107778
113148
96460
151343
130843
147855
156896
110867
105775
152084
114183
94751
77745
93398
106291
112398
134476
160969
122636
131598
141960
133162
128412
124299
102169
112004
416354
106443
112095
111856
117998
133329
106644
109539
128029
109039
132163
332585
128128
117316
120844
147048
122988
139243
104249
328464
118832
111036
116996
164467
109573
391890
118694
117843
86415
101608
122912
93480
112316
128672
272704
100852
106825
119448
127912
158048
177037
157424
127235
124486
112292
134877
129805
138848
124752
107874
113553
153168
110214
126797
119894
111220
118779
85944
143231
105871
117135
104853
107493
107014
127607
160154
113910
110588
279190
107074
120215
124079
99047
89663
93290
179379
144849
105539
107470
113664
100277
156162
165631
138429
125910
137246
130327
124444
116652
97451
87616
113498
117973
122495
104735
134920
95232
117780
144079
112125
91180
89370
381375
110868
142554
119324
106938
101203
124397
172433
176608
113003
127234
115971
133771
124502
124126
126015
154330
98846
80773
124105
112770
97606
126871
125997
107180
134358
111614
137667
98812
106611
92071
328223
111772
97249
313172
111489
114772
117513
108136
123608
154793
115801
134314
127100
118309
112796
128326
150219
127794
95615
129085
124752
109258
89121
101426
158052
125640
148834
88598
137735
159771
125230
103171
100960
121230
106964
118833
140821
90121
116097
236421
108367
132773
99583
107357
100010
142402
92064
189147
104723
90417
108244
333214
146433
126704
135334
100970
135218
95776
105934
165777
90428
108895
113297
138328
116141
117611
106513
124851
106760
118691
98567
133075
131183
100865
148389
311465
90001
134493
126038
152360
112512
106072
118641
104968
123123
325547
100829
147359
103411
90975
141828
108621
142441
126848
119008
132031
90166
106338
101800
148186
137423
329255
126515
89165
87472
121245
127497
116652
130362
112395
105901
291115
94123
155646
117044
123163
101204
120947
99550
127762
115216
114035
138933
158405
112453
100325
118821
104376
133197
108824
132912
120065
118005
100658
124992
101673
166205
120342
170128
154055
146846
138715
106691
103812
124754
107502
114927
297740
334260
100609
111610
126874
99568
117783
97701
106063
107220
103938
108694
113356
96939
91849
93996
147972
160953
125120
148652
106133
109963
124410
130409
107138
107828
118249
128524
132680
111827
117732
112608
96201
133574
135842
106955
341495
111636
134029
112577
128806
110935
120930
105889
111955
133204
112612
96883
127576
94405
101082
127914
89675
124956
96276
94469
114431
95984
143927
166929
120623
108807
113338
112975
133418
160099
115494
107349
103239
114969
135350
133598
390607
102360
152155
144722
115348
151561
124842
145655
112325
106843
99005
123363
127368
95683
95683
100891
114653
119978
124798
148129
142586
134996
107212
146802
125218
125151
117529
102418
92880
173945
182849
96939
145327
89489
94741
101258
377366
118815
97679
324937
111208
93701
136214
118870
150935
112653
111368
125801
142136
133003
127743
95603
96155
110971
279743
107502
126495
133934
132864
132833
120311
132221
105455
124169
108159
129547
108385
96695
107660
106704
153737
148449
325320
132192
117739
114944
110597
120186
136374
111756
147382
115514
110142
120118
112135
104233
80957
124898
152749
117866
283090
153800
92017
124392
143107
119597
124283
138318
115517
142021
110545
111838
117274
100198
112677
122107
118207
102890
321349
138994
134341
119262
147854
118678
108568
109165
127026
112143
123787
128239
113378
132815
125669
149784
133460
114693
347954
124524
110792
136343
351289
81579
135425
161128
126492
94329
118914
107189
101954
129992
103526
113174
122711
99449
369665
112176
111622
105868
131100
96091
127127
94856
148550
133567
149731
107457
101640
128629
98295
143311
99443
132444
341988
106690
129611
131792
154263
143096
101828
120629
124840
119109
116319
100765
120283
117757
112637
118995
167735
142984
375795
102939
91208
117206
141740
101843
124044
95272
115420
122579
133428
93659
127707
149975
107233
111023
143584
126101
387874
113399
147650
126686
90426
107862
101813
132379
105990
102410
103666
97268
105654
142679
117231
118262
107475
104420
380305
145436
351287
147643
94557
113601
121194
125855
97441
114705
99556
123683
128613
106866
108549
125892
117364
140104
303447
111153
91216
134219
126847
85121
88514
114478
108107
103855
101087
79172
95977
94916
101070
109602
125660
84173
114687
132967
154747
132645
127714
118384
136598
107431
118824
151413
101672
106039
126185
108716
113942
114272
327025
105019
124056
87074
137722
122562
107996
129204
160374
132672
110474
125973
139988
101143
180107
168201
100035
112666
112811
101790
104755
101055
98513
97547
108783
107358
137960
111704
87610
111923
110053
114991
117643
142451
460413
191650
114037
164664
90997
110424
151192
124147
84140
123875
100786
125723
94342
148870
125442
140821
136616
116539
106769
94817
114559
129049
113770
106596
147316
83227
130959
138822
150122
132542
124193
101915
133491
100814
295441
136691
125293
110047
105330
140553
100871
90858
105815
126240
158735
133193
117308
108829
124323
142732
135858
114054
114097
112932
129698
107020
106018
147631
130574
154056
117591
109516
131205
154137
122521
128849
133155
131485
317724
92448
111885
111219
96340
158882
97906
159095
133529
127779
132824
94082
122826
161529
129715
120023
117473
120336
127403
153878
142552
85602
106139
132026
163905
177361
122256
135829
101001
120362
80135
132717
118042
109335
339489
101346
105886
109334
123954
122412
113320
109962
94160
110969
119050
112401
96838
114298
97892
111063
116241
135865
130185
102970
112027
120281
122020
109271
117878
134434
306827
97510
149034
133301
103303
135271
159620
152718
329991
140154
355418
113418
133136
121528
151006
118100
107205
96681
135935
98644
125938
122126
146188
113418
112880
118224
106151
127638
113859
347895
113639
118456
126114
127321
127928
142123
136679
399759
111743
107679
126851
161016
358641
161047
118861
176581
92777
111923
126028
124784
108944
149036
118117
140671
107477
119752
110607
160327
101563
137620
108182
172403
302224
97021
119884
125191
124685
126234
117700
91793
98232
104946
106035
106412
124464
133610
101736
112224
111044
93003
351524
155011
374942
97749
102074
154180
146062
173753
113854
110763
124747
130579
169349
125653
133144
114666
152762
134166
139284
142527
93865
147543
283531
111298
104660
125253
110546
125546
93229
120476
131860
151245
96382
117746
124641
100535
133549
117333
145222
100696
108252
120468
369347
116336
128522
154344
154226
135792
126459
119752
101616
125470
115069
146642
124200
100605
98893
112098
117811
115932
105759
157614
362576
105534
81627
95765
322635
132262
105980
134870
104649
81066
110242
110041
107799
122681
122969
93710
125294
135226
118209
98127
341303
122351
127750
100309
128354
92711
144278
111465
101502
87316
152412
152331
133958
102943
113814
83919
157174
133116
119033
101563
295968
89940
105008
126012
123399
112643
118188
146816
106628
105477
96819
101641
132594
101500
113399
101752
110800
125920
149255
80182
336219
119546
93535
131055
93053
100355
128598
150387
133501
107129
122143
117536
241870
110942
102412
106967
97852
129864
132030
82629
306236
112404
126436
127704
122494
110960
124039
126081
88449
128331
166680
121290
130325
103877
94494
110930
127053
132266
104005
131552
282258
99268
112101
111373
329447
116405
136487
80513
139292
130742
139183
153150
188037
122507
145001
153882
134703
167169
151909
126376
102456
493311
94617
119493
133798
126476
112222
103572
117820
143238
109844
330856
128185
117813
117144
144456
106953
93050
83373
151536
125652
124842
280798
91480
113485
169316
137296
97386
106847
133382
110817
104991
146254
108306
90798
119729
166643
121905
94837
113121
91563
146988
90939
299955
124426
99833
114215
137441
127448
132617
120851
141007
120340
148202
133900
133093
108156
95910
143389
133335
124334
112400
132027
101859
398198
126234
112271
111062
134921
107311
111387
107476
124371
127911
168970
112997
125500
116483
143836
130358
150704
186398
146329
128192
113093
949372
124708
138501
124016
124457
124189
127854
86247
105123
125448
157282
83831
133442
128759
75729
127211
135874
120767
111915
95856
126642
314783
111816
112621
132820
125714
99268
96667
119763
140623
105862
123871
83483
120456
132047
117775
119300
145616
136235
98643
150261
159722
340929
105613
106959
144724
150292
127549
137176
147876
119829
134016
100744
150286
112900
136607
104932
107662
93510
130786
352681
97979
100845
398022
103170
109914
111921
135328
106491
129070
102325
111007
115430
112926
129716
112060
127952
144596
118782
145595
119103
125586
90690
149152
335586
113212
104119
141686
134227
155705
124839
121603
127060
118325
116919
135497
125560
114361
119472
103330
108440
133769
114904
135313
124144
965694
111108
133427
105623
118423
108002
118426
90967
96195
137930
125453
138300
136304
133378
133980
93090
153539
329821
104534
98084
100987
350392
128391
124189
139301
112694
142002
145772
95489
111452
127658
106057
84104
132446
115582
134502
119666
117206
138533
136014
112007
100529
126713
152697
125204
124869
110486
125901
122043
113743
99852
102099
106786
109001
141179
101219
342997
119315
143791
143173
103316
112373
134708
91643
142690
107712
116291
95940
105093
107104
117455
124692
106727
123306
158679
90462
125269
111988
158024
106200
107646
169847
131235
117603
127252
96456
118646
149279
112362
106674
125028
386518
87447
85452
105725
150250
95057
142686
130100
219053
313505
154692
146869
72936
102337
119080
159716
112793
111969
135026
159794
147444
136114
121877
97127
159323
104611
114832
115922
122796
121045
105201
124501
111831
103521
125131
294484
165902
111887
100385
127372
113643
113823
79940
136183
176495
170055
146793
111999
154435
97802
95173
106535
108872
109988
118817
112000
86229
95489
113810
122539
118585
123066
118577
156270
117661
127917
111974
108134
331991
109781
375794
126265
95855
97893
155568
127261
139702
118438
125378
132674
100440
125208
112277
128036
120345
114652
112310
118789
106154
126877
326318
134064
116651
119614
187145
145150
112109
103562
121012
108377
94019
117305
117801
134656
112291
309876
120056
130168
101022
140145
133371
107139
124897
116159
110995
126476
118130
131098
118867
81011
117093
97231
104443
108635
348350
166522
118358
104856
155281
122795
113415
116675
105377
125993
168762
113948
105806
153553
153789
164574
379033
125795
112502
128382
102078
83487
100446
122430
111902
125794
94975
94327
91236
134003
123624
101077
132285
112559
127494
134019
115378
108287
116545
125582
105230
133533
136053
124710
101766
101145
105309
124635
124980
101909
98671
322724
124875
95500
107896
128476
140345
107958
116984
137760
111227
139865
113777
138599
128158
108026
119179
102580
134605
108583
119243
112251
140447
115394
117735
133052
124602
110423
98566
95810
377046
132054
135653
122131
132430
117086
86225
95765
112187
94317
138366
120121
150771
133838
128509
136860
117921
135402
115336
128253
95961
222336
125367
115374
119156
113648
124104
102328
135285
317581
154376
112554
118482
147542
99551
124339
139010
132874
159690
133610
123946
118701
109511
126957
135963
108079
124614
91996
131678
100334
102555
149931
104532
136991
91542
107978
124452
144044
432632
154085
113182
131718
101086
132402
126407
109447
97779
134103
185729
125676
110411
102360
95427
150124
101507
109959
123229
118439
123954
132546
112186
114346
108556
113349
125125
123527
88052
306157
107158
115024
110660
94127
106474
132232
200360
145475
104921
134463
123551
111403
126378
94446
104306
117360
122684
114430
111105
99338
108997
165512
135387
308881
133294
130419
114847
117943
339868
107535
118053
127748
93315
130904
119351
109357
97119
116015
112995
106852
118128
118875
130402
119985
147883
129095
102940
113053
105658
167722
129281
126815
127259
107735
156977
99811
121960
1040437
98524
124487
84371
87165
126858
103143
124929
85076
105045
128606
105975
107816
87870
122259
186731
118703
107814
138151
119147
122210
139225
154615
129603
98697
113130
112498
150524
101616
119141
102508
136272
107387
305515
148798
86547
90088
97122
106373
108375
142870
130940
89698
133227
120537
128285
115932
111896
147431
159700
112430
121650
113278
110952
123625
113071
80885
131147
174632
134454
97730
98692
102498
99239
99576
110417
288441
110796
109029
119557
126350
118067
116219
135947
119418
113142
82347
109245
101280
125054
89988
120627
106348
117342
98265
121603
140307
106694
100736
98354
125535
100782
98499
135129
119589
127261
143856
126970
118455
371020
115785
148710
112770
105421
94070
111038
98936
145616
132062
144664
108350
130676
127174
109959
98017
107417
108677
127641
127444
126402
82718
116997
111909
105390
107743
100908
97830
97911
125824
101466
106755
121070
325157
131998
97492
148982
101329
125087
100776
143842
99311
119513
102852
108392
126049
127936
108252
125925
96552
85787
125079
118521
112922
118051
107672
83510
124480
126029
133486
128503
93277
137420
103566
126770
113464
303632
135772
134792
112867
93470
166762
146394
142351
129573
118138
134197
108832
128973
94126
106024
103244
120130
148558
114349
128342
102860
121805
106551
135863
117495
117200
98027
125672
98358
110920
132876
141195
87422
429274
117797
104510
264980
160260
132612
142592
140669
94791
124850
111435
93901
119015
195485
118673
147777
106524
119520
200152
114045
143561
114413
133851
94867
126022
125612
109060
119942
117731
141516
101136
93514
122625
384029
103589
115195
91595
134885
124704
86305
112030
101553
110227
136888
110652
113174
119720
134260
127381
116188
144862
153917
146291
124871
170752
102540
118402
106890
117933
121629
96724
117284
114663
107505
106484
127959
292179
127936
132264
94463
127784
121111
108200
105636
156529
101885
119122
109423
114058
125854
124963
127752
117178
302982
96029
111163
114509
118122
120636
168176
111969
131799
131103
114362
143436
96815
318142
106964
121488
111344
220842
160657
101839
118234
92650
113569
127504
122320
118142
129872
132319
120318
92934
141684
106473
110150
159217
366213
109124
109933
111380
112475
114720
180049
166806
110191
112716
116661
101966
96280
108839
181192
149556
133712
296706
173543
111071
119489
106498
108427
112500
99646
119283
98177
118320
97783
126247
98629
100716
94468
112890
303162
113875
108737
112263
105576
104210
104672
147557
126071
95720
125357
120810
104817
111606
105592
118493
99810
355609
94188
164366
98266
84308
112369
128170
116030
158475
148753
105919
120692
106606
96543
309955
122014
91355
396542
117960
100562
112276
106317
118951
123404
109527
113337
128029
127033
106649
98845
142987
94160
89534
119571
450502
112436
101715
126699
126649
120965
126718
162002
153883
123384
137319
133251
86602
119447
165819
120655
107535
324032
113110
143003
112574
98067
112474
197989
114769
96396
109080
94762
88108
124086
112669
135329
106440
102384
348518
114255
152855
118166
120219
109981
127522
106239
110710
117331
109027
103089
112889
177843
118333
90859
119776
280362
113253
133130
86773
104151
112521
97748
120988
114750
104634
144777
153102
110644
127239
137706
123869
96009
131657
373609
111514
105589
105706
183886
118755
125468
121506
100870
101249
111903
133665
147822
111513
122556
114946
126228
131406
314138
153575
118507
131735
94314
113407
118158
91916
107495
105917
122301
126571
105587
108423
113877
140534
111888
108586
322531
133102
111607
106683
121422
98016
107700
125432
117823
116955
128354
125339
107163
101072
133039
118439
142492
106826
266589
98312
104092
100111
154506
114902
111204
123013
137636
127198
89588
119622
115113
133569
108387
134932
103084
125816
495635
112779
134985
126223
74394
124347
119772
105731
118070
94849
126659
108601
118740
123778
147202
133391
117728
120011
245894
102411
106243
95270
133685
132331
122333
130193
183761
158220
124033
124455
128600
107469
133939
89786
132881
115629
349811
131832
142929
105097
140943
107113
127789
160051
86405
94521
134665
111264
133515
102252
104950
118180
83071
148252
307717
107812
109280
126833
134349
118260
167736
123970
131871
133328
118045
141537
220743
101068
123571
108340
105724
106063
350959
126442
130256
95217
144874
118577
93509
93549
107145
111282
107543
94207
95043
109689
131024
114176
126452
125641
512069
131180
106288
113167
102555
104417
107759
124039
160299
119772
173689
91267
137677
110621
122730
106913
114790
148509
427866
134779
118918
133145
133268
133779
98016
129411
126276
156080
136168
107544
111633
125473
125291
124738
97099
95970
343589
134554
97812
97869
96731
114198
133610
132206
94608
107583
124457
112544
134903
142119
158501
110816
131776
127045
124642
119752
109232
117107
460870
116983
138287
117721
131714
126085
134623
97839
105364
112039
160145
119437
84097
126897
105093
111321
129298
141958
97536
134376
141521
94712
331577
118074
99803
111552
112366
112902
123972
98566
113985
112272
116466
128695
105454
101548
111528
132100
115244
138203
198998
136509
182123
148329
407830
98349
126136
141221
133304
112618
123504
118092
106381
114645
128768
170679
137019
119009
195875
90606
110351
142659
101100
107142
135648
107135
299515
97373
112088
113304
108617
91179
135350
154138
123159
160190
123881
109812
158106
149528
142204
107541
120257
158225
130502
154572
157910
100104
315480
130309
127911
117083
128286
121739
93762
183031
147260
109954
90487
112604
98063
83006
102604
108270
95226
127360
156483
125592
106191
131602
327455
95046
106005
128121
126312
88505
93320
125922
92827
111331
159058
138367
165070
113448
136608
101044
85301
121802
159853
126328
150324
112454
394848
150883
116806
126906
123994
134258
115347
83506
116444
112357
103185
113851
110401
117822
111277
112117
147498
100304
128952
88666
101307
108714
355712
102856
106874
93674
114724
122249
106102
135002
120376
107588
139573
166025
106594
124367
154280
107651
105307
123596
127657
363763
139746
131757
323780
128542
154622
95275
128913
133131
118925
107950
104359
112115
105902
107365
106420
99954
118070
120490
149743
147955
320714
328800
105829
102486
328338
118006
101549
125089
108685
123896
171708
166208
140357
79025
123414
106255
105714
126120
93377
161210
124517
135886
96942
113007
101627
183506
118287
120127
99791
98653
271143
94222
126706
114219
112709
103911
125167
105640
126865
123688
114752
136853
123833
118233
112372
127153
148421
329519
107269
154869
100201
95860
91730
106836
355136
169325
307243
107180
111873
159187
97503
111196
128904
97681
125260
96884
99113
110551
136043
87779
111358
91069
105640
117230
107990
133926
100971
114812
105849
118061
134706
87309
304595
112059
108854
89230
147294
125796
132382
123954
125198
109643
113103
352969
102097
161498
122660
122937
92636
111717
111230
96200
125231
332377
108598
158990
96696
126215
337101
121130
102690
106903
90468
125850
116742
94644
107069
152727
134101
120344
96103
112083
111979
73535
164767
91074
97858
131124
105200
125259
87658
116355
147360
126185
265063
123236
113190
109492
153856
125333
120584
105661
117786
89946
97572
126276
157684
138928
113636
173327
141961
144515
111298
118901
96133
113141
101173
105430
135310
136452
297789
146663
127887
112030
112712
83790
110231
153036
98141
124894
108672
110180
106457
105539
151838
390928
142655
118742
116566
104984
98303
125005
146481
136212
129794
148117
351779
117873
131995
113608
64433
125387
114596
113954
135748
152387
100056
109164
127129
204866
126885
123172
106463
129776
102074
125468
168615
125046
115523
116945
132080
110446
261883
111598
99209
151833
112843
142964
118443
157551
118045
107238
125434
145476
147933
113662
101359
162428
124521
112435
109621
143102
100216
144502
116805
149020
107043
126544
317640
154188
111060
106137
126695
152901
116772
98175
105772
119056
132681
111960
135142
118360
158501
98972
123104
111888
127134
106117
138902
138690
111178
134734
93925
89691
156825
111944
113164
131326
120244
104472
118091
99917
110733
117637
295943
113239
148424
112424
104999
138342
127342
126235
143018
126090
128305
113971
109283
105885
105718
106502
143292
144134
111896
353964
108983
118354
109083
102271
128336
105788
113264
221569
158610
102534
160654
113813
126052
134791
118385
126673
328848
135204
178692
113375
135372
106188
105719
113223
109246
125548
160586
89611
117786
128290
104426
90996
149316
120826
97605
135958
160635
110204
106490
95072
125951
127209
106064
105736
105257
106063
117941
350241
106403
112797
112774
103979
467132
93978
106076
148186
100141
133929
145879
100921
101854
155464
365102
108984
104655
128068
110671
124676
133426
160576
134907
106492
104534
146346
119334
157822
106294
95363
120868
108547
111154
190348
110510
109230
99767
108014
107063
141151
311967
335384
100902
111570
94804
106887
102138
92533
124848
120533
106904
136988
197438
120709
134353
182811
130798
119617
105128
117953
134205
148427
98437
134229
134633
134920
120194
132912
117471
144286
114654
148656
100000
96976
112448
125654
355582
106572
107308
109775
94525
126293
124415
106720
117606
137448
103589
135597
137547
133184
105921
134646
118576
123377
102471
119518
83474
148055
125721
110361
112734
130797
132122
89740
131265
108596
111786
101588
111050
162800
106171
119394
380626
148198
140618
154498
107444
103220
132165
135080
165504
95143
107174
124080
100597
118239
350409
125159
151812
132624
96407
126839
126894
126715
137144
123287
103779
95026
126419
123722
124558
90494
101004
111282
132910
100325
116650
117504
400652
123627
118553
110239
112218
117905
105085
99156
94292
108269
98922
105307
136571
103270
127387
106063
106435
96514
106529
117865
109617
149416
159114
106500
122681
126029
359785
124482
336906
126377
100402
124455
107126
167827
97955
99371
152128
111906
113671
123404
107742
107279
117589
116793
132354
135317
123454
153199
161482
97984
133777
113055
120766
164673
112110
138768
393968
152745
132213
119823
116929
167523
109144
134140
138667
120724
109119
102463
126474
105712
132899
105609
133451
107215
127142
96119
116750
132796
100130
92012
115912
110884
118355
97009
386115
107223
118512
111944
141019
123524
112591
107630
134487
148313
125911
163657
133377
110431
113977
99902
111231
106953
118628
109217
132734
97840
121117
103306
113297
78981
105483
119005
357137
124487
151250
100687
142161
112496
133283
104326
93500
102513
107259
117803
107517
185003
178183
115767
142706
113384
124416
119225
111642
125283
105131
123361
376671
105556
170290
124028
321313
121490
111275
86055
128990
116432
152471
101625
103768
107042
117224
101857
116741
103645
125410
98869
146502
81446
84585
112450
115556
103923
113051
121740
98882
125615
96977
330105
347526
145057
126575
111051
118497
155115
134929
125284
88094
101029
132724
113219
89422
98308
123930
121219
136258
125778
131021
101454
120656
137036
112541
91639
126647
101949
118378
94491
116319
120727
110853
125922
119222
122501
122049
290470
129352
166554
91699
117766
151855
100553
113547
112840
133252
110797
141032
106394
106701
177555
107240
126974
100365
98601
89854
117999
142891
159560
144352
126842
137956
145078
145810
151864
190502
100507
100667
107208
118630
396151
135762
121948
90845
110899
126613
359894
126188
109289
140323
105049
124683
122678
130488
113330
110029
112988
126588
94914
112886
97019
88475
126575
134502
113429
149149
138424
115413
107715
128340
102251
101270
122612
151829
87558
226618
110354
105938
107223
114720
159454
89536
144105
113840
134502
101423
109544
116145
120287
128478
154591
106906
106811
111092
99743
112272
120359
114100
99880
100527
112552
100340
128707
123606
108231
126439
116715
145252
194268
144635
293673
102169
79542
107044
181481
151285
112436
112001
153799
89158
117003
205289
135700
125057
112220
109372
125630
97758
138900
119771
125189
98202
133655
148183
99846
117912
98354
132720
115140
99721
127294
106584
104413
118974
88127
468217
107249
101407
103773
126113
275674
98931
134222
133331
137633
107498
118743
135829
96631
109279
108184
122147
125488
99961
139038
118510
138704
193014
94602
102753
128834
97525
87697
128211
125319
158619
117436
127461
93835
125497
279447
131840
150964
125114
141063
148311
124307
101178
114699
158385
131261
131777
107504
93872
127095
118252
87714
88737
85942
105565
107962
126691
101796
111452
118026
111113
172291
169381
124618
143149
126907
124979
107856
131627
138565
262812
104070
107244
327694
124220
129222
125290
119242
121975
107349
124621
95861
134103
129399
129336
99589
108237
111671
159892
96346
361190
115640
104189
125285
105966
134545
95016
117475
135420
105078
110618
133339
120647
112769
91535
154155
107687
127435
118071
120297
353068
95243
126400
96753
99167
152334
128358
109145
108320
136389
356304
133191
128695
97130
108298
120483
119322
134192
118638
113609
343057
86013
114392
157760
90166
107451
146872
135466
106013
100719
145824
96050
104166
99371
121894
106193
125548
120411
113298
111697
383849
141248
119300
129712
166402
125302
138798
111945
95077
109407
131621
117101
125205
112764
103202
105484
103938
112663
139510
100496
402785
111982
140438
135196
113681
392410
116751
93083
304893
124187
123523
95613
109279
124915
118599
124498
112692
113357
111910
98131
296885
81872
93979
154991
134183
109358
117841
103743
129631
127929
123902
103518
96859
117279
103160
93370
85323
122189
118769
108744
294132
160005
83575
114270
107054
112731
129071
122381
83105
112856
129698
122027
97236
116393
118436
98204
128568
78165
148091
352721
289513
125432
96477
112541
106241
117974
110884
118981
166178
138337
107248
145717
111626
123660
113671
131977
88518
127686
127834
125574
287470
123376
128468
160572
162128
129277
119996
112019
117071
113426
115104
94985
131247
118958
126675
103980
96935
124459
161955
198457
341051
127070
370118
116144
117297
182394
114292
107190
134872
127183
125406
164180
103641
141167
127634
106314
80370
105870
133014
100826
341627
90237
106594
125019
126483
116452
104462
111238
113087
116610
109495
108174
120822
81577
112504
189248
112754
121637
121545
106745
106397
141983
139059
400375
137437
100874
118846
91496
116317
135755
128581
140041
140368
135430
148068
171677
121225
100348
380765
122077
108467
139086
124825
114304
110769
114312
399189
93512
124394
117587
134765
117724
126240
131208
106269
132580
134762
102093
96504
145152
106327
98561
144227
113475
137319
112551
138265
90550
138598
329344
178043
122696
133102
109871
96264
98381
123012
128700
163058
117882
125373
125038
330451
112333
119405
124956
138644
131502
123055
122224
111952
139615
419324
117879
120605
136936
129499
113970
120471
102859
96854
148995
139038
107458
134942
120994
99447
122807
143544
110543
109773
111682
125302
99161
150132
297443
109559
112133
147366
113439
144109
124089
123919
114374
122245
119352
160005
125170
134757
107257
117973
125423
145413
114203
127762
137791
96913
113941
295804
133529
115151
101219
107397
136432
142823
189875
102948
127526
132494
96418
95835
119539
125092
98423
113054
127914
106138
142428
135149
110597
114267
315548
139933
90150
234410
112891
134342
124845
125868
119811
132248
109054
130938
133234
126824
101583
117496
128233
134069
104732
94906
120126
125900
111543
313042
131371
105200
108765
120269
107777
121172
138821
105016
135804
93458
119717
98115
177716
149144
133888
120379
117908
110713
152042
105347
121192
79688
320256
100936
119534
95192
85597
134384
119904
118389
107628
115695
355790
138025
96246
108059
98640
97679
126653
125368
134150
130719
100618
86961
110457
415384
118972
125009
106122
107699
389268
115029
125295
91318
128298
147645
118305
127663
98362
105741
133795
384571
142910
113708
114581
107781
109448
105294
106919
117573
106944
133370
82634
133404
148775
134066
98605
338816
133632
158797
117225
133622
123583
119867
97401
152026
113118
116763
125504
110010
129441
387568
110041
458473
105061
94680
97893
111623
106339
106050
99002
155584
131479
105260
181930
152142
173797
131854
126239
452814
126890
80124
120672
94169
80411
132859
102935
81542
127284
95992
96136
123720
140915
132061
138411
302335
118295
139023
126143
120873
114653
90508
111331
110271
119161
165427
120233
89189
127114
102023
350192
316469
112272
107834
157453
120382
110408
123685
109070
314100
127847
127327
111618
83191
160963
129260
113042
356501
112078
162843
106500
123663
126462
133699
96215
111756
105636
110277
140749
111321
126281
117097
124491
276292
125037
101469
104339
140378
101879
335927
79110
127470
93479
109265
97294
125677
125678
107388
106969
482451
134322
121317
105318
113622
109401
304047
91654
107465
109012
104682
112244
133937
126623
112949
120071
331240
109417
109184
93336
110726
103592
96537
96290
132700
97734
126740
123345
86775
120329
148660
134195
288271
130556
134276
105271
328210
107269
106427
133543
110671
105768
117726
85069
145125
126035
144794
105907
336630
125409
124177
120542
117631
110285
138324
124443
109528
116647
161898
124893
124892
95188
103574
125842
335783
135255
124193
102685
89966
104205
117693
134039
95247
151176
98426
143129
128121
135628
103924
142340
104139
333207
109185
123499
117714
146989
139792
117726
110967
118293
105481
404861
133468
94476
120070
131122
167090
112991
132501
125052
109183
143542
132795
114518
134390
128884
119382
109699
108116
106473
154316
122309
111212
105479
327670
110799
96742
88273
235852
104462
124635
107352
96059
121232
97626
120184
93373
124957
102414
240386
183945
101991
321258
97237
133700
83251
115972
98027
118557
113690
103976
125970
106459
97017
100688
286789
119061
134748
84511
135505
136821
101067
127309
110263
142162
130583
115661
134389
99502
110322
99524
111266
96354
133828
125180
102105
119375
94642
113687
167968
119540
115041
264022
113697
108220
131917
122904
102061
159477
134426
121770
140250
111768
129402
128516
123949
170337
133677
87570
106363
92496
95706
92828
106112
144617
118063
112852
138502
97022
366014
113463
107294
101577
113245
100998
415093
117860
110512
139359
118543
105188
92684
112580
93561
118348
107155
134380
123885
120886
133177
158251
106459
112902
157939
124452
135872
282889
143241
139020
351109
98010
151065
123279
318459
156344
108794
125285
105462
124208
115256
111805
112350
219306
183315
111818
101624
146352
144678
112226
112797
131420
119435
98555
369281
106594
127991
106445
111580
121819
114576
99144
85409
81691
109618
100475
111706
101603
85853
111241
101406
114456
99096
137620
127659
117522
120857
113625
113922
112023
114504
320633
115749
131935
135716
142008
95877
97132
125905
143747
141074
114777
93722
153363
125268
167979
113156
102048
123799
115668
143585
114330
133902
108501
115672
120685
105383
111600
333754
106809
105542
129243
107491
87740
107165
142366
134919
100411
133975
348956
147509
118769
125321
106176
118728
137473
115151
127115
126076
126406
126099
322072
125202
128837
117450
113704
89708
78969
133056
102955
101747
142434
108236
118658
134114
127460
110084
140988
116674
187304
92618
125412
134124
137890
1058853
155489
121607
109662
96545
105561
121547
169304
154427
119179
142757
106788
149439
106163
116338
131441
124976
126871
133875
92254
98593
103051
134021
340317
136033
117538
149046
125142
139403
114576
132496
126341
102040
118833
103393
144471
145269
118109
127843
153422
135149
119689
136657
128794
93562
147248
443307
143167
101809
137701
104913
95534
113344
144031
149189
104942
155853
138020
197804
119430
132262
133298
110400
99897
133183
138739
156205
131296
181847
289373
118694
102549
123980
102981
128387
99942
107119
132640
110749
108186
117826
112252
119450
106652
132766
124362
116884
150862
143180
125740
112183
94327
314147
92613
117516
124450
106753
100316
102770
107129
129485
142772
112802
95140
107782
129762
111845
100535
115671
114268
131816
118668
118491
118224
132224
430965
135234
132588
119400
109661
136404
102955
85481
134954
106664
137645
132131
165705
122695
171136
107689
108737
82153
124397
114340
107769
124962
129011
297174
91864
136089
95698
126012
126865
119492
114475
105442
101528
109072
105743
133547
102403
82470
112117
113846
82253
89212
125801
97762
126511
119915
118330
111145
111982
90911
104181
154018
89967
96541
146772
158830
148123
74828
280058
135049
134748
117491
113292
114758
148467
132966
118992
125186
108956
101804
97951
161477
126113
120672
167320
116789
93309
126599
107363
109713
133276
114043
119118
125690
88224
122510
136124
132683
354601
141774
154040
118732
109692
297019
133901
133762
128863
135152
141906
111214
107235
125023
149827
135810
111281
117808
133720
109754
95382
95254
118047
112806
142033
326690
142170
127248
95258
143985
112702
79845
125800
134328
91883
131539
154975
148724
132608
78395
351568
122547
137528
106614
241051
101781
108989
106266
112024
97990
96936
137817
106480
120012
133094
114164
96764
105117
117761
117756
129909
114032
109366
129246
144472
108173
89792
132673
124635
125796
104639
95497
119145
132796
112935
343745
119377
118130
128677
131794
111345
110561
123905
118106
181495
143043
147514
97780
106735
116781
97151
125370
92804
102642
97875
144890
117140
76496
142130
123963
108453
121698
134459
148385
140833
101144
122322
126555
124886
84096
344224
134502
128472
120162
135901
109629
133414
114373
116859
90010
130382
108404
133954
106444
116053
119632
170606
119713
124848
125311
106822
117217
135874
132651
122753
104416
125863
134141
120616
99778
118248
112107
129555
109770
101449
307745
94760
113266
100950
96303
106452
122626
125185
110481
125556
331564
102646
115446
122073
102499
124985
170616
107273
78376
147051
140669
117842
121550
136135
104693
121367
106287
119480
132958
110190
123805
97970
133915
134105
137792
293122
114726
106738
108505
97715
87878
115850
95741
96397
127702
101538
112925
94834
107647
93012
125441
114949
109527
118030
118746
110779
119017
96832
124419
126383
318729
101386
143159
113877
143065
98988
111999
112152
140699
127593
350490
126399
134419
101887
116226
117210
146538
159752
119093
134395
88207
107374
134708
79160
110363
135227
126514
119735
137493
100079
127167
118061
99379
106944
119042
124900
106066
106967
125757
102684
124399
153517
154426
106566
97779
306551
307953
160936
85011
124224
105822
101045
133677
128318
122903
94252
93425
124776
138470
93206
158910
135422
125390
108273
107386
129018
126356
119333
143380
129554
118058
158317
100235
127365
130559
122245
90900
110378
105141
132419
395480
114350
132986
138381
133876
101737
145210
159209
132598
106880
124159
107306
117448
101274
159089
108489
114154
113345
105763
89006
125901
125645
137785
106208
107365
106123
133539
105119
142386
133911
115152
161097
106969
127350
87472
344784
113073
102655
125314
136855
120536
106914
101612
144124
153907
140468
152081
93902
151633
122561
94333
106885
118994
129859
97634
90679
111822
144112
159506
117191
134305
121279
130928
96800
119916
120703
100295
103998
111378
113577
317047
120565
106111
127607
156735
115203
108507
113772
131512
153825
148885
93761
111471
103375
333564
140787
166928
142632
126977
102665
104883
95956
99130
107834
134945
147632
100493
107011
100048
139859
136356
113706
142961
149883
139527
345837
110535
128291
112972
127862
108152
167749
137040
106077
160702
107069
113786
102178
97229
127704
97145
98408
155780
127409
114012
127437
96733
333543
127116
94111
97283
437052
134277
137989
121161
120249
144621
119098
112882
100707
108645
158615
159812
114641
197385
112649
124183
118004
124286
123948
105780
128325
134061
103196
96794
149751
100223
282052
113009
127130
101578
159235
129772
139537
140751
132491
97634
134176
108882
142254
130200
97475
109136
131927
127012
104667
134082
144975
102616
93843
159565
96257
110502
424589
83993
127217
102151
112354
148672
156747
100745
125469
160561
106704
111357
106488
97476
111774
128744
112759
118317
98264
153243
95406
107217
111731
104594
105066
146845
954517
88863
318468
151009
106289
126465
95817
136722
122978
106693
159452
143364
104717
125802
90222
118081
105915
108935
113812
140939
110723
118223
106618
118450
150416
117816
296228
113655
137758
105417
95980
120762
98003
133059
118615
100687
116033
133068
116167
105309
86627
123241
132634
83659
112932
155498
127963
124402
145829
110967
102670
106980
301155
112988
117742
141574
136066
109740
133552
118098
152583
111741
129610
97940
96990
130208
112601
125081
146196
99208
132079
133503
128122
78459
125311
106091
129121
118824
360104
150455
132333
131400
124449
116276
129659
96875
133388
118569
118443
135016
96858
124710
112300
108184
83018
124613
124943
86994
107292
127791
115912
139269
200554
138207
301390
114624
145327
101444
108720
413257
102413
146863
131116
128904
118035
138620
96680
122443
105819
113099
176215
125944
125833
118476
126578
140472
82478
124483
118130
170694
168147
100843
133417
113749
108129
116711
105970
107305
105806
132161
316759
121434
144329
136902
111548
115491
100168
79711
93435
92342
97609
105342
137854
142067
103527
105663
112429
122944
112736
101760
114744
123071
118991
101649
121977
79465
182608
187304
144016
85969
149199
140344
109042
130659
97022
113463
341458
126249
119049
108118
148243
95720
102546
97053
130835
106339
102725
107912
109356
133884
99638
130697
134041
87172
158038
122007
109266
105101
104343
118821
126381
131572
104913
145945
98872
124767
135389
124803
154047
90063
82515
138861
349552
90624
116851
105756
123996
128418
114883
128153
106950
119472
97152
116911
143399
159462
125370
98168
133521
120236
105927
118049
128711
111593
133402
125803
118846
91334
136084
127797
92929
149141
125607
149230
110008
117754
136772
85794
320433
137131
137332
146083
115593
116139
148936
99403
160623
108251
117307
168070
131214
110061
125379
133844
117512
105208
119159
122741
92019
94090
106053
129512
112383
123376
112592
108114
119520
111820
112608
118192
112863
104745
132638
365814
426289
107037
112702
108181
134508
101848
200206
175720
118515
127973
110930
96470
106601
86979
125783
133655
103980
134815
156516
124726
117571
104626
125425
112563
102106
98715
132580
133178
182532
152572
105996
123889
113148
124877
133247
126462
343422
158554
114549
121917
108719
114165
117321
103352
115697
86995
107848
124899
144625
117936
111921
151041
109307
115329
120917
110840
177241
126182
105093
132218
144113
117705
104799
113595
108173
159135
100882
117879
118514
86291
107901
121574
288662
108036
108893
108421
105573
158062
105607
108774
118719
124798
111121
146062
96059
114463
119744
80110
360993
182871
133877
165875
120681
116073
141044
128068
90513
113383
347212
118176
123201
109419
391759
91088
119913
170751
121761
129770
99841
129280
99486
99722
152848
154700
128296
95189
87329
89429
109452
128362
95551
113261
114307
132849
367050
113722
121701
135538
129219
158913
133278
180244
157904
125830
156255
191359
101209
126436
121975
158706
104962
73487
125029
127843
97134
160794
126275
98384
112393
151273
288872
100400
96550
146589
93831
104255
127602
116746
125948
397293
109456
114602
377216
106344
137999
129350
168941
99398
111448
121327
78255
125659
117263
98746
102285
138222
385946
95725
238703
178452
134116
141973
108946
108447
97961
91968
101235
94221
120756
143224
134717
111472
97434
119294
117216
105778
112592
74716
124121
105929
121060
119277
353099
96260
128078
125961
122657
112012
113411
109724
121860
139184
134063
115928
120083
107293
117414
112889
125311
183247
134874
109597
114504
117043
124556
109938
132880
100056
294436
144581
122488
148810
148678
132033
100167
115033
113230
95043
108089
170359
117956
92500
142346
111061
106556
112824
119860
97380
150914
149837
134974
125955
136531
106551
377668
125791
128532
126299
127412
130351
92594
117173
142302
121109
131696
110324
140974
116725
101014
134338
99658
125411
124572
107227
129325
108034
177798
133132
96076
113544
115463
115248
99657
107607
491417
111769
120401
108438
117416
89256
116899
120451
119277
117854
111831
94976
117687
134676
124742
126701
134011
327593
149729
103071
84651
121335
118292
170919
154946
98989
126404
118221
122095
122475
280675
102996
111440
111571
152961
130437
127441
91512
103614
127547
149794
95496
110692
103672
108301
108820
114216
120000
116089
314516
124588
114401
102096
125038
133743
112131
126351
94160
105510
119923
230440
105511
110790
125498
132259
143058
121182
149654
151710
93280
115720
161059
117225
135164
165040
140736
108957
143597
112985
141004
97203
101153
118600
146549
83217
82506
131846
143290
118630
101602
249172
103399
95739
120552
111159
133837
137918
106861
89061
108545
103705
104359
107524
105141
75168
130529
143218
103428
124267
128105
137510
228897
114532
112969
116394
108556
136805
104629
112389
113962
344793
116740
121514
90087
116562
138882
120201
195939
99284
129362
109882
91537
126292
133001
142844
134488
142888
116286
101934
118140
166329
134643
119831
147648
95345
147038
87571
119398
127068
128839
381382
124484
101382
119198
108348
141336
94728
114471
112094
108600
89681
114950
90288
120307
106869
132930
99729
105885
111536
126249
126477
143063
97113
113034
113185
94837
133418
110847
107833
169971
343695
124885
143788
106589
99090
93629
120592
132946
119275
128655
105369
122077
116492
183039
126351
124280
122950
121276
111045
105808
109879
124382
115929
133547
95438
100741
125254
137065
106405
128120
358926
117280
92491
103260
79591
104482
139790
80309
92317
116537
128914
109643
391095
155022
102863
139267
117510
127632
130997
85570
100469
134409
124180
119449
101106
118770
140665
359760
124836
154612
103351
396229
107778
99228
111173
109896
115805
113108
122717
92318
107067
114129
136582
126576
128554
101636
82624
91364
159413
168804
133992
135657
109758
111723
318832
170130
118449
111118
125567
125023
106343
131537
99379
108422
117925
89276
132704
121634
120737
94780
145814
123332
107133
108650
113957
112248
126811
95297
103719
133384
130931
411046
125704
100213
104536
125317
121254
97030
126372
112022
153468
111179
126164
114219
106585
143505
113129
125600
75974
113586
159731
134179
113223
106729
107132
167085
100528
107159
352385
116581
135974
188225
90500
143732
132383
123961
119642
107733
112110
119169
101936
124047
132799
118263
118523
195554
101623
99396
127381
160696
109229
123579
96726
102199
125945
309514
111632
143555
114102
114306
143974
133330
125082
118016
143575
105129
106265
131747
116072
103627
116743
144781
108759
134734
164961
150279
128103
145738
124591
129272
123857
105606
299629
121712
132803
114801
95299
508522
130118
141336
105988
123170
106328
96392
133376
118083
148250
116449
122258
107474
116622
102654
120522
127589
149109
134011
156372
97327
141081
374269
103178
147685
186462
128921
139003
128386
179711
134462
104277
111781
117455
113035
133040
122114
131255
124088
126597
126901
105256
106139
123655
134750
133856
99089
126694
92704
304768
126099
118313
121245
101711
125842
153955
98078
149406
143280
136981
115369
105650
125872
128870
118432
104350
131899
102488
183053
166252
161139
143767
102421
158860
101069
161039
104323
105810
124536
93615
104706
96149
353486
92599
112265
107496
96305
93858
118516
93881
93587
131484
191982
160015
121748
113249
112731
118343
107554
111793
101352
135193
112202
127335
126167
93410
124600
102334
143317
179589
160876
110761
122258
141233
126168
113154
371234
88806
86568
99592
131186
148826
118142
160072
120353
110905
133599
135453
138681
109923
134548
125638
112114
122733
125328
137227
91724
120235
127894
117092
110061
151144
151497
98918
140107
133895
105755
135454
111477
92628
432565
134217
124655
144618
369673
150922
140390
93326
121498
141040
103070
112773
147549
127826
139817
110497
104660
134715
118378
130088
127595
134270
101843
160665
87901
125765
122977
135977
111678
123514
114139
113196
100980
298820
115394
148423
166330
158814
105115
125417
107241
104756
84329
110980
