56939
18948
14977
36939
39636
40768
45286
38603
38954
36479
38500
48767
38707
38515
39532
38362
38882
38118
38038
37422
39205
38799
37413
38618
39438
51205
39173
77077
38177
73770
38457
62131
25463
39120
40185
40321
37750
66461
38262
39387
69336
53577
37064
37604
37170
37531
39579
39565
38755
37367
42309
128662
39156
38306
39914
61247
47249
38983
37286
38484
35887
40449
39323
39983
51949
38747
39713
38864
37140
37873
239252
37656
39171
41300
38696
38079
38038
43365
46506
38077
37548
37637
39642
64464
39476
37388
37716
37565
39061
38886
38370
51954
49610
39099
37850
37974
39136
37664
37258
25873
42262
