272406
242458
237196
241247
321931
307021
282262
320225
456322
296425
282568
322240
473216
330575
305209
321609
328631
289457
274122
294837
306567
309270
301651
310921
317156
293395
336165
343351
271529
238625
229211
155767
148247
118095
166567
955508
476250
1026395
990611
915330
819534
843773
899797
942339
872075
1204428
651967
490993
935161
516876
331496
405030
442629
542713
451440
557346
324199
411424
938131
946133
739202
406694
437414
523445
947524
326424
945111
288118
198671
193077
1763951
1601274
1488335
281008
274355
276513
292882
204380
201809
290991
227163
223222
303602
211870
209026
315095
340612
265719
330980
216238
211386
267603
234905
254559
404574
352312
340916
320546
227548
225082
400752
1660043
983019
1321801
1000315
698539
775957
2453421
867595
1019640
1738886
994924
1855108
1066771
946435
1312192
419363
1323164
3027851
1789273
794464
987778
1114430
901700
941118
975263
1407819
3076588
1054914
342640
249111
242050
580403
1842198
1081371
2039938
1357447
1200555
1004187
834687
1932242
4824827
1971905
1844682
1200056
1154072
944536
3040270
2290464
1670170
1024861
694414
1084590
976586
2608153
642022
1747767
1948200
1920087
2268058
1066588
2979613
820985
970101
972276
4798597
1970125
1394755
1168174
2331008
2026149
518097
226608
220726
635822
799112
784588
998259
1408530
1983084
863182
2044375
1812483
1883635
2393281
1126378
1227915
745294
1747914
1142921
1484032
253317
225901
223837
384671
977739
1271669
1528427
1898933
1465246
1027533
1755820
1836856
1452278
1018099
1937884
1188533
1848366
802484
1196775
824237
1187301
826741
1841105
5220148
1845136
1819219
849643
1138208
1937342
2094056
1744700
1664734
865660
987495
1035619
1841092
1876911
813500
998795
788352
1099217
1734639
2010894
1730313
934772
1152839
353321
529160
463571
533794
538746
826263
1335602
1046404
1044566
1035873
1535702
1049051
858470
783024
1367770
776546
726603
1811748
1905083
280003
235812
263107
448959
1915867
853865
763265
2083997
2038497
1916818
1822489
2250694
2091741
1912299
797667
835972
773820
761153
778344
1185896
1660822
1082983
1097927
1283479
1184852
1087593
616035
1091263
1138665
1215280
1087900
1214733
1161929
2092817
1073332
1257941
1908814
1300415
1675908
1962908
1101817
1675366
1199046
884987
1160885
463965
1925792
633392
1070805
828745
1724950
866679
1219024
969118
1101649
1129323
296027
200113
223696
267442
282692
294370
286917
286243
312884
324000
314156
302367
279709
299666
232298
235010
347990
379188
250525
335084
226059
207563
320602
303803
301110
313399
334573
306434
297262
310068
371793
321087
292057
249027
308354
309753
296147
286424
310743
279290
318672
318026
340345
304013
338613
331950
283768
303867
306259
309215
313405
310053
280236
1203009
311125
316177
319951
327645
315388
315273
283323
289232
313989
317429
299669
301909
316939
2013803
314053
315890
311487
285371
314778
299464
309890
342334
297646
284574
327677
325155
283362
326505
306521
338690
1292667
293184
328490
313195
310443
291016
315643
316759
328715
264758
252002
226744
322851
243235
278274
330490
280131
290243
288412
548571
241575
237701
304612
1705272
308699
315763
307063
332477
323312
288254
325290
282015
276659
276987
279978
1111777
870591
305276
287226
312042
319535
312902
283602
308437
321606
310269
248807
316737
331105
318017
301538
313043
310302
310946
293690
279655
328139
287156
263277
271086
241103
262484
321891
296035
303386
326083
332939
315973
314857
316377
273035
245277
244068
991
753
789
174326
155777
137382
282827
225371
227798
150005
175610
115405
272858
225440
230902
284003
238760
237022
271072
233299
237151
270602
233641
222754
300446
273884
263162
288422
202316
192082
281120
196908
191576
279923
241490
236764
516912
310722
317564
300581
315538
281174
308215
333778
312536
322162
313709
310445
277061
307376
323813
383565
325749
310053
291836
318964
2502216
299809
284203
282676
316633
281307
289995
345834
558872
431931
311406
344001
303706
284643
312088
470418
1513629
329994
298807
285323
308963
318512
312207
373981
353587
297413
325669
803868
322617
309483
309987
325566
1813300
1122967
292598
336474
295087
300470
296578
282250
313911
335314
328631
294132
312907
316145
309873
338122
280046
309116
68769
34875
16972
131027
68845
42615
39848
40180
39584
42001
42495
404744
44264
40530
41990
29126
57565
95659
56200
63260
39030
43265
54471
41711
52241
43519
41053
306316
40389
57535
48517
43775
43935
42115
64683
