173158
77241
78553
269919
467021
478104
552406
485258
562854
569069
561368
556636
463656
560423
602536
640636
561194
550194
587420
554584
551575
617240
559803
565267
264144
617636
575384
696351
612136
556416
593352
579766
561612
560673
565708
633383
519798
566767
553995
1222967
606436
602971
636058
560339
418186
561886
154531
573897
580983
615925
572368
636700
565016
573448
581145
612470
650099
556560
584589
581194
560750
507629
559084
561752
587349
553417
553197
561122
913198
556141
565576
655892
567833
1150306
644459
552192
568578
582766
585756
569029
552896
584497
504720
630606
819534
552802
564040
563944
845175
584756
612402
544093
633533
635002
560266
633969
626097
626812
589475
564521
561443
