74309
15714
12930
51122
61052
43396
39272
38358
46172
43447
38000
37563
40310
39397
37717
37069
37349
38963
39307
38844
37888
47735
38870
39674
46454
37933
51249
39765
38270
53013
51357
25843
27647
38934
60075
37508
38523
37943
37021
36850
38851
38032
39830
39304
39714
38405
223663
37900
49516
61445
42637
38202
40104
38563
36957
38709
38339
38472
37645
37713
39701
38126
39032
41560
44426
38629
38547
38670
38038
63771
40569
46808
38945
37722
38062
38285
39305
37821
39054
38370
38822
37561
39646
37452
39022
37348
38266
38554
48004
37497
38554
47296
39787
39658
47263
36360
41462
36644
50346
35584
38160
